# pezy
# float
# N/P = 10^7
# P  total              force        comm                 misc                 speed[Tflops]
8    0.47708846874999994 0.3270154375 0.018102199062500005 0.13197083218749994  16.06001926660484
16   0.45259629531250006 0.25166479687500004 0.020064457968750005 0.18086704046875002 20.990317637135153
32   0.4968537953124998 0.34432323437499995 0.018304459062499993 0.13422610187499984 63.66621388109619
64   0.47271901875000005 0.26950279687499995 0.023076479062500002 0.18013974281250011 84.07108329402284
128  0.5067804046875001 0.348261421875 0.026515634062500012 0.13200334875000008 256.8370813000585
256  0.49608912499999996 0.27892371874999994 0.030637049218750007 0.18652835703125 327.6870864685857
512  0.5251760640625 0.3597390468750001 0.030443944375000004 0.13499307281249986 1009.2482050684664
