+1.1718750000000000e-02 +5.0383028376395178e-01 -4.5636285498642248e-01 -8.2494834926565930e-01 -1.5483186808232594e+00 +2.4797341081875229e-02 +8.4788983710866928e-01 
+3.5156250000000000e-02 +4.9313427935020754e-01 -4.5636285498642248e-01 -8.0151457951342864e-01 -1.5471670728591349e+00 +7.3210685745622353e-02 +8.4600850486453749e-01 
+5.8593750000000000e-02 +4.8243827493646330e-01 -4.5636285498642248e-01 -7.7808080976119798e-01 -1.5448992355278917e+00 +1.2004891374269841e-01 +8.4232335099279110e-01 
+8.2031250000000000e-02 +4.7174227052271900e-01 -4.5636285498642248e-01 -7.5464704000896743e-01 -1.5415520856264044e+00 +1.6531202507310336e-01 +8.3691525613675233e-01 
+1.0546875000000000e-01 +4.6104626610897476e-01 -4.5636285498642248e-01 -7.3121327025673677e-01 -1.5371625399515483e+00 +2.0900001973683735e-01 +8.2986510093974331e-01 
+1.2890625000000000e-01 +4.5035026169523046e-01 -4.5636285498642248e-01 -7.0777950050450600e-01 -1.5317675153001984e+00 +2.5111289773390005e-01 +8.2125376604508638e-01 
+1.5234375000000000e-01 +4.3965425728148622e-01 -4.5636285498642248e-01 -6.8434573075227534e-01 -1.5254039284692300e+00 +2.9165065906429199e-01 +8.1116213209610366e-01 
+1.7578125000000000e-01 +4.2895825286774192e-01 -4.5636285498642243e-01 -6.6091196100004468e-01 -1.5181086962555181e+00 +3.3061330372801262e-01 +7.9967107973611740e-01 
+1.9921875000000000e-01 +4.1826224845399768e-01 -4.5636285498642248e-01 -6.3747819124781402e-01 -1.5099187354559378e+00 +3.6800083172506215e-01 +7.8686148960845004e-01 
+2.2265625000000000e-01 +4.0756624404025332e-01 -4.5636285498642254e-01 -6.1404442149558336e-01 -1.5008709628673642e+00 +4.0381324305544064e-01 +7.7281424235642349e-01 
+2.4609375000000000e-01 +3.9687023962650908e-01 -4.5636285498642248e-01 -5.9061065174335270e-01 -1.4910022952866724e+00 +4.3805053771914804e-01 +7.5761021862336020e-01 
+2.6953125000000000e-01 +3.8617423521276478e-01 -4.5636285498642248e-01 -5.6717688199112215e-01 -1.4803496495107376e+00 +4.7071271571618434e-01 +7.4133029905258230e-01 
+2.9296875000000000e-01 +3.7547823079902048e-01 -4.5636285498642248e-01 -5.4374311223889138e-01 -1.4689499423364345e+00 +5.0179977704654988e-01 +7.2405536428741202e-01 
+3.1640625000000000e-01 +3.6478222638527624e-01 -4.5636285498642243e-01 -5.2030934248666072e-01 -1.4568400905606389e+00 +5.3131172171024377e-01 +7.0586629497117181e-01 
+3.3984375000000000e-01 +3.5408622197153194e-01 -4.5636285498642248e-01 -4.9687557273443012e-01 -1.4440570109802255e+00 +5.5924854970726690e-01 +6.8684397174718348e-01 
+3.6328125000000000e-01 +3.4339021755778770e-01 -4.5636285498642243e-01 -4.7344180298219940e-01 -1.4306376203920690e+00 +5.8561026103761915e-01 +6.6706927525876958e-01 
+3.8671875000000000e-01 +3.3269421314404340e-01 -4.5636285498642243e-01 -4.5000803322996874e-01 -1.4166188355930454e+00 +6.1039685570130009e-01 +6.4662308614925235e-01 
+4.1015625000000000e-01 +3.2199820873029916e-01 -4.5636285498642248e-01 -4.2657426347773814e-01 -1.4020375733800290e+00 +6.3360833369831004e-01 +6.2558628506195380e-01 
+4.3359375000000000e-01 +3.1130220431655486e-01 -4.5636285498642248e-01 -4.0314049372550748e-01 -1.3869307505498953e+00 +6.5524469502864868e-01 +6.0403975264019627e-01 
+4.5703125000000000e-01 +3.0060619990281057e-01 -4.5636285498642248e-01 -3.7970672397327676e-01 -1.3713352838995194e+00 +6.7530593969231645e-01 +5.8206436952730189e-01 
+4.8046875000000000e-01 +2.8991019548906627e-01 -4.5636285498642248e-01 -3.5627295422104610e-01 -1.3552880902257765e+00 +6.9379206768931301e-01 +5.5974101636659324e-01 
+5.0390625000000000e-01 +2.7921419107532203e-01 -4.5636285498642248e-01 -3.3283918446881550e-01 -1.3388260863255412e+00 +7.1070307901963847e-01 +5.3715057380139219e-01 
+5.2734375000000000e-01 +2.6851818666157773e-01 -4.5636285498642248e-01 -3.0940541471658484e-01 -1.3219861889956894e+00 +7.2603897368329295e-01 +5.1437392247502112e-01 
+5.5078125000000000e-01 +2.5782218224783349e-01 -4.5636285498642248e-01 -2.8597164496435418e-01 -1.3048053150330954e+00 +7.3979975168027623e-01 +4.9149194303080218e-01 
+5.7421875000000000e-01 +2.4712617783408916e-01 -4.5636285498642243e-01 -2.6253787521212346e-01 -1.2873203812346345e+00 +7.5198541301058908e-01 +4.6858551611205768e-01 
+5.9765625000000000e-01 +2.3643017342034489e-01 -4.5636285498642248e-01 -2.3910410545989283e-01 -1.2695683043971822e+00 +7.6259595767423016e-01 +4.4573552236210984e-01 
+6.2109375000000000e-01 +2.2573497372835319e-01 -4.5616992370054910e-01 -2.1573729072161979e-01 -1.2515860012389759e+00 +7.7163141705154792e-01 +4.2302283170602206e-01 
+6.4453125000000000e-01 +2.1505724864327799e-01 -4.5477033141777601e-01 -1.9283012372954139e-01 -1.2334103735834190e+00 +7.7909380475177847e-01 +4.0052760452435182e-01 
+6.6796875000000000e-01 +2.0442819032477433e-01 -4.5201702628644269e-01 -1.7053412965635376e-01 -1.2150781986230250e+00 +7.8499238021531836e-01 +3.7832717856689169e-01 
+6.9140625000000000e-01 +1.9387952641773032e-01 -4.4791000830654959e-01 -1.4895357617477742e-01 -1.1966259368608467e+00 +7.8934484206625821e-01 +3.5649504675412663e-01 
+7.1484375000000000e-01 +1.8344298456703415e-01 -4.4244927747809648e-01 -1.2819273095753358e-01 -1.1780895391846049e+00 +7.9217691569199056e-01 +3.3510037130542458e-01 
+7.3828125000000000e-01 +1.7315029241757393e-01 -4.3563483380108342e-01 -1.0835586167734305e-01 -1.1595042628446992e+00 +7.9352201650764664e-01 +3.1420750390521396e-01 
+7.6171875000000000e-01 +1.6303317761423772e-01 -4.2746667727551024e-01 -8.9547236006926684e-02 -1.1409044944500397e+00 +7.9342098460023325e-01 +2.9387550586916489e-01 
+7.8515625000000000e-01 +1.5312336780191380e-01 -4.1794480790137734e-01 -7.1871121619004941e-02 -1.1223235785152910e+00 +7.9192187396964930e-01 +2.7415766831036825e-01 
+8.0859375000000000e-01 +1.4345259062549004e-01 -4.0706922567868425e-01 -5.5431786186299341e-02 -1.1037936504331509e+00 +7.8907978389594624e-01 +2.5510103230551628e-01 
+8.3203125000000000e-01 +1.3405257372985480e-01 -3.9483993060743122e-01 -4.0333497381530553e-02 -1.0853454729991252e+00 +7.8495672307756348e-01 +2.3674590906108117e-01 
+8.5546875000000000e-01 +1.2495504475989611e-01 -3.8125692268761846e-01 -2.6680522877418844e-02 -1.0670082758074977e+00 +7.7962149945928405e-01 +2.1912540007949544e-01 
+8.7890625000000000e-01 +1.1619173136050208e-01 -3.6632020191924541e-01 -1.4577130346686180e-02 -1.0488095969825346e+00 +7.7314963034470241e-01 +2.0226491732533186e-01 
+9.0234375000000000e-01 +1.0779436117656085e-01 -3.5002976830231253e-01 -4.1275874620526906e-03 -1.0307751268203442e+00 +7.6562326863456598e-01 +1.8618170339148268e-01 
+9.2578125000000000e-01 +9.9793483445661871e-02 -3.3265945246721651e-01 +4.7046260602153778e-03 -1.0129285531256191e+00 +7.5713109443876425e-01 +1.7088437583307570e-01 
+9.4921875000000000e-01 +9.2198062953269017e-02 -3.1555830248633687e-01 +1.2564572967262336e-02 -9.9529142866333220e-01 +7.4776554497628500e-01 +1.5637387580932777e-01 
+9.7265625000000000e-01 +8.4998162722738385e-02 -2.9890839012164383e-01 +1.9575945375107751e-02 -9.7788316964943667e-01 +7.3761563894994908e-01 +1.4264704888589153e-01 
+9.9609375000000000e-01 +7.8183206872440528e-02 -2.8270971537313738e-01 +2.5773499174658571e-02 -9.6072116682229058e-01 +7.2676525717124441e-01 +1.2969786335466385e-01 
+1.0195312500000000e+00 +7.1742619520746065e-02 -2.6696227824081753e-01 +3.1191990256821813e-02 -9.4382090125021889e-01 +7.1529354154323022e-01 +1.1751758064596352e-01 
+1.0429687500000000e+00 +6.5665824786025687e-02 -2.5166607872468444e-01 +3.5866174512504324e-02 -9.2719605112540038e-01 +7.0327524992939094e-01 +1.0609491527313594e-01 
+1.0664062500000000e+00 +5.9942246786650021e-02 -2.3682111682473803e-01 +3.9830807832613120e-02 -9.1085859089301935e-01 +6.9078105703916470e-01 +9.5416194777162844e-02 
+1.0898437500000000e+00 +5.4561309640989646e-02 -2.2242739254097826e-01 +4.3120646108055161e-02 -8.9481888386950037e-01 +6.7787781051535445e-01 +8.5465519671266144e-02 
+1.1132812500000000e+00 +4.9512437467415217e-02 -2.0848490587340515e-01 +4.5770445229737389e-02 -8.7908576930934090e-01 +6.6462874968712682e-01 +7.6224923385516202e-02 
+1.1367187500000000e+00 +4.4785054384297335e-02 -1.9499365682201869e-01 +4.7814961088566768e-02 -8.6366664472176946e-01 +6.5109369308194487e-01 +6.7674532211438834e-02 
+1.1601562500000000e+00 +4.0368584510006640e-02 -1.8195364538681891e-01 +4.9288949575450262e-02 -8.4856754410897017e-01 +6.3732919969336399e-01 +5.9792725246620188e-02 
+1.1835937500000000e+00 +3.6252451962913754e-02 -1.6936487156780577e-01 +5.0227166581294821e-02 -8.3379321269120643e-01 +6.2338870812012448e-01 +5.2556294339316925e-02 
+1.2070312500000000e+00 +3.2426080861389289e-02 -1.5722733536497926e-01 +5.0664367997007388e-02 -8.1934717859634631e-01 +6.0932265697994292e-01 +4.5940604033058129e-02 
+1.2304687500000000e+00 +2.8878895323803892e-02 -1.4554103677833946e-01 +5.0635309713494954e-02 -8.0523182191854215e-01 +5.9517858942364377e-01 +3.9919751511257512e-02 
+1.2539062500000000e+00 +2.5600319468528143e-02 -1.3430597580788617e-01 +5.0174747621664427e-02 -7.9144844149027938e-01 +5.8100124410446963e-01 +3.4466726541816907e-02 
+1.2773437500000000e+00 +2.2579777413932741e-02 -1.2352215245361968e-01 +4.9317437612422806e-02 -7.7799731966150210e-01 +5.6683263457221167e-01 +2.9553571421731189e-02 
+1.3007812500000000e+00 +1.9806693278388271e-02 -1.1318956671553983e-01 +4.8098135576677033e-02 -7.6487778533716089e-01 +5.5271211874532655e-01 +2.5151540921700390e-02 
+1.3242187500000000e+00 +1.7270491180265361e-02 -1.0330821859364661e-01 +4.6551597405334058e-02 -7.5208827548896340e-01 +5.3867645985325485e-01 +2.1231262230730880e-02 
+1.3476562500000000e+00 +1.4960595237934632e-02 -9.3878108087940074e-02 +4.4712578989300845e-02 -7.3962639532707752e-01 +5.2475988002518792e-01 +1.7762894900748973e-02 
+1.3710937500000000e+00 +1.2866429569766713e-02 -8.4899235198420173e-02 +4.2615836219484338e-02 -7.2748897729212436e-01 +5.1099410752213170e-01 +1.4716290791196787e-02 
+1.3945312500000000e+00 +1.0977418294132230e-02 -7.6371599925086950e-02 +4.0296124986791519e-02 -7.1567213900626592e-01 +4.9740841845965872e-01 +1.2061154013651152e-02 
+1.4179687500000000e+00 +9.2829855294018059e-03 -6.8295202267940378e-02 +3.7788201182129326e-02 -7.0417134030380535e-01 +4.8402967374371120e-01 +9.7672008764251774e-03 
+1.4414062500000000e+00 +7.7725553939460680e-03 -6.0670042226980449e-02 +3.5126820696404715e-02 -6.9298143944608759e-01 +4.7088235183699267e-01 +7.8043198291686041e-03 
+1.4648437500000000e+00 +6.4355520061356421e-03 -5.3496119802207177e-02 +3.2346739420524642e-02 -6.8209674861204639e-01 +4.5798857788530523e-01 +6.1427314074869897e-03 
+1.4882812500000000e+00 +5.2613994843411505e-03 -4.6773434993620591e-02 +2.9482713245396079e-02 -6.7151108874425369e-01 +4.4536814965873894e-01 +4.7531481775399511e-03 
+1.5117187500000000e+00 +4.2395219469332120e-03 -4.0501987801220579e-02 +2.6569498061925940e-02 -6.6121784382041204e-01 +4.3303856069966651e-01 +3.6069346806473540e-03 
+1.5351562500000000e+00 +3.3593435122824694e-03 -3.4681778225007287e-02 +2.3641849761021239e-02 -6.5121001461170624e-01 +4.2101502101603006e-01 +2.6762673779021366e-03 
+1.5585937500000000e+00 +2.6102882987595385e-03 -2.9312806264980652e-02 +2.0734524233588902e-02 -6.4148027198200575e-01 +4.0931047561300293e-01 +1.9342945947733224e-03 
+1.5820312500000000e+00 +1.9817804247350443e-03 -2.4395071921140671e-02 +1.7882277370535896e-02 -6.3202100977555475e-01 +3.9793562111725050e-01 +1.3552964657134036e-03 
+1.6054687500000000e+00 +1.4632440085796121e-03 -1.9928575193487348e-02 +1.5119865062769168e-02 -6.2282439733519701e-01 +3.8689892071493648e-01 +9.1484487876068970e-04 
+1.6289062500000000e+00 +1.0441031686638674e-03 -1.5913316082020679e-02 +1.2482043201195675e-02 -6.1388243168833312e-01 +3.7620661759612511e-01 +5.8996342015571305e-04 
+1.6523437500000000e+00 +7.1378202335843513e-04 -1.2349294586740668e-02 +1.0003567676722379e-02 -6.0518698943363081e-01 +3.6586274707389088e-01 +3.5928731894012650e-04 
+1.6757812500000000e+00 +4.6170469103394064e-04 -9.2365107076473121e-03 +7.7191943802562332e-03 -5.9672987835774849e-01 +3.5586914752530274e-01 +2.0322339156607941e-04 
+1.6992187500000000e+00 +2.7729529006100933e-04 -6.5749644447406124e-03 +5.6636792027041933e-03 -5.8850288880817725e-01 +3.4622547028345052e-01 +1.0410998649962555e-04 
+1.7226562500000000e+00 +1.4997793881026640e-04 -4.3646557980205692e-03 +3.8717780349732172e-03 -5.8049784484538847e-01 +3.3692918859382459e-01 +4.6376928833149965e-05 
+1.7460937500000000e+00 +6.9176755652337052e-05 -2.6055847674871825e-03 +2.3782467679702617e-03 -5.7270665519507147e-01 +3.2797560573490453e-01 +1.6705464896204622e-05 
+1.7695312500000000e+00 +2.4315858957846314e-05 -1.2977513531404416e-03 +1.2178412926022726e-03 -5.6512136401894342e-01 +3.1935786239084935e-01 +4.1882068414065764e-06 
+1.7929687500000000e+00 +4.8193670974201270e-06 -4.4115555498037024e-04 +4.2531749977622814e-04 -5.5773420152077513e-01 +3.1106694335406032e-01 +4.8907727689456796e-07 
+1.8164062500000000e+00 +1.1139844168322570e-07 -3.5797373006954950e-05 +3.5431280399073142e-05 -5.5053763440249281e-01 +3.0309168362627786e-01 +3.2538523599345109e-09 
+1.8398437500000000e+00 +0.0000000000000000e+00 +0.0000000000000000e+00 +0.0000000000000000e+00 -5.4352441613588109e-01 +2.9541879093585044e-01 +0.0000000000000000e+00 
+1.8632812500000000e+00 +0.0000000000000000e+00 +0.0000000000000000e+00 +0.0000000000000000e+00 -5.3668763102725370e-01 +2.8803361329764560e-01 +0.0000000000000000e+00 
+1.8867187500000000e+00 +0.0000000000000000e+00 +0.0000000000000000e+00 +0.0000000000000000e+00 -5.3002070393374745e-01 +2.8092194659842512e-01 +0.0000000000000000e+00 
+1.9101562500000000e+00 +0.0000000000000000e+00 +0.0000000000000000e+00 +0.0000000000000000e+00 -5.2351738241308798e-01 +2.7407044968865135e-01 +0.0000000000000000e+00 
+1.9335937500000000e+00 +0.0000000000000000e+00 +0.0000000000000000e+00 +0.0000000000000000e+00 -5.1717171717171717e-01 +2.6746658504234261e-01 +0.0000000000000000e+00 
+1.9570312500000000e+00 +0.0000000000000000e+00 +0.0000000000000000e+00 +0.0000000000000000e+00 -5.1097804391217561e-01 +2.6109856136031329e-01 +0.0000000000000000e+00 
+1.9804687500000000e+00 +0.0000000000000000e+00 +0.0000000000000000e+00 +0.0000000000000000e+00 -5.0493096646942803e-01 +2.5495528089975061e-01 +0.0000000000000000e+00 
+2.0039062500000000e+00 +0.0000000000000000e+00 +0.0000000000000000e+00 +0.0000000000000000e+00 -4.9902534113060426e-01 +2.4902629109051597e-01 +0.0000000000000000e+00 
+2.0273437500000000e+00 +0.0000000000000000e+00 +0.0000000000000000e+00 +0.0000000000000000e+00 -4.9325626204238920e-01 +2.4330174004403013e-01 +0.0000000000000000e+00 
+2.0507812500000000e+00 +0.0000000000000000e+00 +0.0000000000000000e+00 +0.0000000000000000e+00 -4.8761904761904762e-01 +2.3777233560090702e-01 +0.0000000000000000e+00 
+2.0742187500000000e+00 +0.0000000000000000e+00 +0.0000000000000000e+00 +0.0000000000000000e+00 -4.8210922787193972e-01 +2.3242930759927791e-01 +0.0000000000000000e+00 
+2.0976562500000000e+00 +0.0000000000000000e+00 +0.0000000000000000e+00 +0.0000000000000000e+00 -4.7672253258845437e-01 +2.2726437307754996e-01 +0.0000000000000000e+00 
+2.1210937500000000e+00 +0.0000000000000000e+00 +0.0000000000000000e+00 +0.0000000000000000e+00 -4.7145488029465932e-01 +2.2226970415365152e-01 +0.0000000000000000e+00 
+2.1445312500000000e+00 +0.0000000000000000e+00 +0.0000000000000000e+00 +0.0000000000000000e+00 -4.6630236794171220e-01 +2.1743789834804794e-01 +0.0000000000000000e+00 
+2.1679687500000000e+00 +0.0000000000000000e+00 +0.0000000000000000e+00 +0.0000000000000000e+00 -4.6126126126126127e-01 +2.1276195114032953e-01 +0.0000000000000000e+00 
+2.1914062500000000e+00 +0.0000000000000000e+00 +0.0000000000000000e+00 +0.0000000000000000e+00 -4.5632798573975042e-01 +2.0823523056929788e-01 +0.0000000000000000e+00 
+2.2148437500000000e+00 +0.0000000000000000e+00 +0.0000000000000000e+00 +0.0000000000000000e+00 -4.5149911816578481e-01 +2.0385145370448132e-01 +0.0000000000000000e+00 
+2.2382812500000000e+00 +0.0000000000000000e+00 +0.0000000000000000e+00 +0.0000000000000000e+00 -4.4677137870855149e-01 +1.9960466483313993e-01 +0.0000000000000000e+00 
+2.2617187500000000e+00 +0.0000000000000000e+00 +0.0000000000000000e+00 +0.0000000000000000e+00 -4.4214162348877373e-01 +1.9548921522128856e-01 +0.0000000000000000e+00 
+2.2851562500000000e+00 +0.0000000000000000e+00 +0.0000000000000000e+00 +0.0000000000000000e+00 -4.3760683760683761e-01 +1.9149974432025715e-01 +0.0000000000000000e+00 
+2.3085937500000000e+00 +0.0000000000000000e+00 +0.0000000000000000e+00 +0.0000000000000000e+00 -4.3316412859560066e-01 +1.8763116230198609e-01 +0.0000000000000000e+00 
+2.3320312500000000e+00 +0.0000000000000000e+00 +0.0000000000000000e+00 +0.0000000000000000e+00 -4.2881072026800671e-01 +1.8387863381676670e-01 +0.0000000000000000e+00 
+2.3554687500000000e+00 +0.0000000000000000e+00 +0.0000000000000000e+00 +0.0000000000000000e+00 -4.2454394693200664e-01 +1.8023756287660647e-01 +0.0000000000000000e+00 
+2.3789062500000000e+00 +0.0000000000000000e+00 +0.0000000000000000e+00 +0.0000000000000000e+00 -4.2036124794745483e-01 +1.7670357877594162e-01 +0.0000000000000000e+00 
+2.4023437500000000e+00 +0.0000000000000000e+00 +0.0000000000000000e+00 +0.0000000000000000e+00 -4.1626016260162602e-01 +1.7327252296913212e-01 +0.0000000000000000e+00 
+2.4257812500000000e+00 +0.0000000000000000e+00 +0.0000000000000000e+00 +0.0000000000000000e+00 -4.1223832528180354e-01 +1.6994043683114607e-01 +0.0000000000000000e+00 
+2.4492187500000000e+00 +0.0000000000000000e+00 +0.0000000000000000e+00 +0.0000000000000000e+00 -4.0829346092503987e-01 +1.6670355023414707e-01 +0.0000000000000000e+00 
+2.4726562500000000e+00 +0.0000000000000000e+00 +0.0000000000000000e+00 +0.0000000000000000e+00 -4.0442338072669826e-01 +1.6355827087841193e-01 +0.0000000000000000e+00 
+2.4960937500000000e+00 +0.0000000000000000e+00 +0.0000000000000000e+00 +0.0000000000000000e+00 -4.0062597809076683e-01 +1.6050117432118358e-01 +0.0000000000000000e+00 
+2.5195312500000000e+00 +0.0000000000000000e+00 +0.0000000000000000e+00 +0.0000000000000000e+00 -3.9689922480620154e-01 +1.5752899465176370e-01 +0.0000000000000000e+00 
+2.5429687500000000e+00 +0.0000000000000000e+00 +0.0000000000000000e+00 +0.0000000000000000e+00 -3.9324116743471582e-01 +1.5463861576541821e-01 +0.0000000000000000e+00 
+2.5664062500000000e+00 +0.0000000000000000e+00 +0.0000000000000000e+00 +0.0000000000000000e+00 -3.8964992389649922e-01 +1.5182706319254766e-01 +0.0000000000000000e+00 
+2.5898437500000000e+00 +0.0000000000000000e+00 +0.0000000000000000e+00 +0.0000000000000000e+00 -3.8612368024132732e-01 +1.4909149644310676e-01 +0.0000000000000000e+00 
+2.6132812500000000e+00 +0.0000000000000000e+00 +0.0000000000000000e+00 +0.0000000000000000e+00 -3.8266068759342303e-01 +1.4642920182947128e-01 +0.0000000000000000e+00 
+2.6367187500000000e+00 +0.0000000000000000e+00 +0.0000000000000000e+00 +0.0000000000000000e+00 -3.7925925925925924e-01 +1.4383758573388203e-01 +0.0000000000000000e+00 
+2.6601562500000000e+00 +0.0000000000000000e+00 +0.0000000000000000e+00 +0.0000000000000000e+00 -3.7591776798825255e-01 +1.4131416828926968e-01 +0.0000000000000000e+00 
+2.6835937500000000e+00 +0.0000000000000000e+00 +0.0000000000000000e+00 +0.0000000000000000e+00 -3.7263464337700147e-01 +1.3885657744470506e-01 +0.0000000000000000e+00 
+2.7070312500000000e+00 +0.0000000000000000e+00 +0.0000000000000000e+00 +0.0000000000000000e+00 -3.6940836940836941e-01 +1.3646254338895031e-01 +0.0000000000000000e+00 
+2.7304687500000000e+00 +0.0000000000000000e+00 +0.0000000000000000e+00 +0.0000000000000000e+00 -3.6623748211731044e-01 +1.3412989330762728e-01 +0.0000000000000000e+00 
+2.7539062500000000e+00 +0.0000000000000000e+00 +0.0000000000000000e+00 +0.0000000000000000e+00 -3.6312056737588655e-01 +1.3185654645138575e-01 +0.0000000000000000e+00 
+2.7773437500000000e+00 +0.0000000000000000e+00 +0.0000000000000000e+00 +0.0000000000000000e+00 -3.6005625879043601e-01 +1.2964050949416542e-01 +0.0000000000000000e+00 
+2.8007812500000000e+00 +0.0000000000000000e+00 +0.0000000000000000e+00 +0.0000000000000000e+00 -3.5704323570432356e-01 +1.2747987216221315e-01 +0.0000000000000000e+00 
+2.8242187500000000e+00 +0.0000000000000000e+00 +0.0000000000000000e+00 +0.0000000000000000e+00 -3.5408022130013833e-01 +1.2537280311595492e-01 +0.0000000000000000e+00 
+2.8476562500000000e+00 +0.0000000000000000e+00 +0.0000000000000000e+00 +0.0000000000000000e+00 -3.5116598079561040e-01 +1.2331754606814303e-01 +0.0000000000000000e+00 
+2.8710937500000000e+00 +0.0000000000000000e+00 +0.0000000000000000e+00 +0.0000000000000000e+00 -3.4829931972789113e-01 +1.2131241612291176e-01 +0.0000000000000000e+00 
+2.8945312500000000e+00 +0.0000000000000000e+00 +0.0000000000000000e+00 +0.0000000000000000e+00 -3.4547908232118757e-01 +1.1935579632148990e-01 +0.0000000000000000e+00 
+2.9179687500000000e+00 +0.0000000000000000e+00 +0.0000000000000000e+00 +0.0000000000000000e+00 -3.4270414993306558e-01 +1.1744613438134510e-01 +0.0000000000000000e+00 
+2.9414062500000000e+00 +0.0000000000000000e+00 +0.0000000000000000e+00 +0.0000000000000000e+00 -3.3997343957503318e-01 +1.1558193961647875e-01 +0.0000000000000000e+00 
+2.9648437500000000e+00 +0.0000000000000000e+00 +0.0000000000000000e+00 +0.0000000000000000e+00 -3.3728590250329382e-01 +1.1376178002746141e-01 +0.0000000000000000e+00 
+2.9882812500000000e+00 +0.0000000000000000e+00 +0.0000000000000000e+00 +0.0000000000000000e+00 -3.3464052287581697e-01 +1.1198427955060020e-01 +0.0000000000000000e+00 
