+1.1718750000000000e-02 +4.4638733508383915e-01 -1.7753660389330031e-02 -6.0978650114143307e-01 -1.5548058209674158e+00 +2.1914029752544424e-02 +7.0797281867734774e-01 
+3.5156250000000000e-02 +4.4555597000214059e-01 -5.3154095496748953e-02 -6.0789434770712591e-01 -1.5537791750504502e+00 +6.5668605725144699e-02 +7.0657080672219408e-01 
+5.8593750000000000e-02 +4.4389819045784507e-01 -8.8240858474927630e-02 -6.0412574538478214e-01 -1.5517293236609315e+00 +1.0920325408652599e-01 +7.0377461055517954e-01 
+8.2031250000000000e-02 +4.4142365824807517e-01 -1.2281876384792159e-01 -5.9851123089675662e-01 -1.5486631234290662e+00 +1.5237306886366464e-01 +6.9959980877997230e-01 
+1.0546875000000000e-01 +4.3814647316876243e-01 -1.5670428785996707e-01 -5.9109517785112620e-01 -1.5445907997929920e+00 +1.9503563882839567e-01 +6.9406958124594265e-01 
+1.2890625000000000e-01 +4.3408489969308089e-01 -1.8972556847548075e-01 -5.8193480093267769e-01 -1.5395258779071506e+00 +2.3705194376430011e-01 +6.8721449182237893e-01 
+1.5234375000000000e-01 +4.2926109364988008e-01 -2.2172240537906010e-01 -5.7109916009389583e-01 -1.5334850932519188e+00 +2.7828719035870841e-01 +6.7907220871706320e-01 
+1.7578125000000000e-01 +4.2370082890211846e-01 -2.5254625997548302e-01 -5.5866816474595071e-01 -1.5264882833595417e+00 +3.1861158771981807e-01 +6.6968716749469670e-01 
+1.9921875000000000e-01 +4.1743322402529653e-01 -2.8206025538970808e-01 -5.4473157794968574e-01 -1.5185582620714009e+00 +3.5790106251892811e-01 +6.5911018195065896e-01 
+2.2265625000000000e-01 +4.1049046898589042e-01 -3.1013917646687456e-01 -5.2938802060660528e-01 -1.5097206777416541e+00 +3.9603791375778752e-01 +6.4739800799559233e-01 
+2.4609375000000000e-01 +4.0290755181978477e-01 -3.3666946977230222e-01 -5.1274397564986252e-01 -1.5000038568022847e+00 +4.3291140716105980e-01 +6.3461286570629627e-01 
+2.6953125000000000e-01 +3.9472198531070629e-01 -3.6154924359149138e-01 -4.9491279223524709e-01 -1.4894386341045949e+00 +4.6841830919390270e-01 +6.2082192469842123e-01 
+2.9296875000000000e-01 +3.8597353366865678e-01 -3.8468826793012317e-01 -4.7601368993217297e-01 -1.4780581714521801e+00 +5.0246336070466313e-01 +6.0609675797644835e-01 
+3.1640625000000000e-01 +3.7670393920834661e-01 -4.0600797451405912e-01 -4.5617076291466602e-01 -1.4658977657404215e+00 +5.3495969019268785e-01 +5.9051276941644348e-01 
+3.3984375000000000e-01 +3.6695664902762792e-01 -4.2544145678934153e-01 -4.3551198415235215e-01 -1.4529946481175315e+00 +5.6582916670124872e-01 +5.7414860003707302e-01 
+3.6328125000000000e-01 +3.5677654168592776e-01 -4.4293346992219301e-01 -4.1416820960144440e-01 -1.4393877755821909e+00 +5.9500269233558500e-01 +5.5708551821436814e-01 
+3.8671875000000000e-01 +3.4620965388268155e-01 -4.5844043079901725e-01 -3.9227218239573153e-01 -1.4251176164328105e+00 +6.2242043440605799e-01 +5.3940679899572719e-01 
+4.1015625000000000e-01 +3.3530290713576638e-01 -4.7193041802639824e-01 -3.6995753703756495e-01 -1.4102259309834584e+00 +6.4803199719642479e-01 +5.2119709766864197e-01 
+4.3359375000000000e-01 +3.2410383445993390e-01 -4.8338317193110042e-01 -3.4735780358884732e-01 -1.3947555489614833e+00 +6.7179653335722356e-01 +5.0254182273963621e-01 
+4.5703125000000000e-01 +3.1266030704524400e-01 -4.9279009456006917e-01 -3.2460541186201930e-01 -1.3787501450018771e+00 +6.9368279492427809e-01 +4.8352651347890419e-01 
+4.8046875000000000e-01 +3.0102026093549794e-01 -5.0015424968043043e-01 -3.0183069561104825e-01 -1.3622540136534067e+00 +7.1366912396231419e-01 +4.6423622718613633e-01 
+5.0390625000000000e-01 +2.8923142370667149e-01 -5.0549036277949067e-01 -2.7916089672241551e-01 -1.3453118453115549e+00 +7.3174338283369289e-01 +4.4475494133302113e-01 
+5.2734375000000000e-01 +2.7734104114534852e-01 -5.0882482106473659e-01 -2.5671916940610418e-01 -1.3279685044933069e+00 +7.4790282409226005e-01 +4.2516497573790774e-01 
+5.5078125000000000e-01 +2.6539560392715378e-01 -5.1019567346383610e-01 -2.3462358438658690e-01 -1.3102688118688179e+00 +7.6215390000230976e-01 +4.0554643992812150e-01 
+5.7421875000000000e-01 +2.5344057429518668e-01 -5.0965263062463773e-01 -2.1298613309381381e-01 -1.2922573314649963e+00 +7.7451201168266293e-01 +3.8597671084541557e-01 
+5.9765625000000000e-01 +2.4152011273845422e-01 -5.0725706491516986e-01 -1.9191173185419985e-01 -1.2739781644560422e+00 +7.8500119787586353e-01 +3.6652994605004879e-01 
+6.2109375000000000e-01 +2.2967680467030430e-01 -5.0308201042364231e-01 -1.7149722608161297e-01 -1.2554747509559772e+00 +7.9365376334248683e-01 +3.4727663757897759e-01 
+6.4453125000000000e-01 +2.1795138710685905e-01 -4.9721216295844500e-01 -1.5183039446836175e-01 -1.2367896812281980e+00 +8.0050984688056581e-01 +3.2828321161364821e-01 
+6.6796875000000000e-01 +2.0638247534544826e-01 -4.8974388004814867e-01 -1.3298895317618295e-01 -1.2179645177270950e+00 +8.0561692897013149e-01 +3.0961167911287707e-01 
+6.9140625000000000e-01 +1.9500628964304229e-01 -4.8078518094150458e-01 -1.1503956002722943e-01 -1.1990396293867696e+00 +8.0902927904286936e-01 +2.9131934256630837e-01 
+7.1484375000000000e-01 +1.8385638189468570e-01 -4.7045574660744477e-01 -9.8036818695058245e-02 -1.1800540395718864e+00 +8.1080734237688978e-01 +2.7345856402393537e-01 
+7.3828125000000000e-01 +1.7296336231694259e-01 -4.5888691579231239e-01 -8.2022284228135775e-02 -1.1610452891056984e+00 +8.1101706661668249e-01 +2.5607659955715001e-01 
+7.6171875000000000e-01 +1.6235463744231995e-01 -4.4621980147348816e-01 -6.7024136317849911e-02 -1.1420493157872982e+00 +8.0972916861759558e-01 +2.3921550506284300e-01 
+7.8515625000000000e-01 +1.5205428661439768e-01 -4.3259537387745844e-01 -5.3060034986380913e-02 -1.1231003516619269e+00 +8.0701835929443566e-01 +2.2291211212312545e-01 
+8.0859375000000000e-01 +1.4208314940059311e-01 -4.1814897799570183e-01 -4.0139266557624488e-02 -1.1042308384039650e+00 +8.0296258312153745e-01 +2.0719805636189240e-01 
+8.3203125000000000e-01 +1.3245896155047696e-01 -4.0301012795960639e-01 -2.8263307544051604e-02 -1.0854713599759125e+00 +7.9764230573590544e-01 +1.9209984414686626e-01 
+8.5546875000000000e-01 +1.2319649165655737e-01 -3.8730250704046981e-01 -1.7426322551215331e-02 -1.0668505914177491e+00 +7.9113984919692482e-01 +1.7763895369519528e-01 
+8.7890625000000000e-01 +1.1430767781506294e-01 -3.7114396764949947e-01 -7.6156621822569669e-03 -1.0483952626942359e+00 +7.8353877124705962e-01 +1.6383196799666402e-01 
+9.0234375000000000e-01 +1.0580176428672682e-01 -3.5464653133781415e-01 +1.1876390575874104e-03 -1.0301301366035007e+00 +7.7492328574153857e-01 +1.5069073697676622e-01 
+9.2578125000000000e-01 +9.7685438157569443e-02 -3.3791638879643920e-01 +9.0083648564838904e-03 -1.0120779998088079e+00 +7.6537772205188526e-01 +1.3822256632189570e-01 
+9.4921875000000000e-01 +8.9962965999680955e-02 -3.2105389985631166e-01 +1.5876619191488354e-02 -9.9425966610096150e-01 +7.5498602172969842e-01 +1.2643043038891727e-01 
+9.7265625000000000e-01 +8.2636330532006946e-02 -3.0415359348827747e-01 +2.1827328424046742e-02 -9.7669399103445764e-01 +7.4383127108413793e-01 +1.1531320662136417e-01 
+9.9609375000000000e-01 +7.5705367281129810e-02 -2.8730416780309459e-01 +2.6899743395485756e-02 -9.5939789710862089e-01 +7.3199526860823283e-01 +1.0486592889453114e-01 
+1.0195312500000000e+00 +6.9167901242052965e-02 -2.7058849005142599e-01 +3.1136941522506897e-02 -9.4238640868725609e-01 +7.1955812640684125e-01 +9.5080057211704538e-02 
+1.0429687500000000e+00 +6.3019883538984522e-02 -2.5408359662385016e-01 +3.4585328892681497e-02 -9.2567269586813239e-01 +7.0659790494847607e-01 +8.5943761173800703e-02 
+1.0664062500000000e+00 +5.7255528086118432e-02 -2.3786069305084984e-01 +3.7294142359941815e-02 -9.0926812652789724e-01 +6.9319028059572529e-01 +7.7442214644652702e-02 
+1.0898437500000000e+00 +5.1867448248421419e-02 -2.2198515400282143e-01 +3.9314951640079851e-02 -8.9318232577951118e-01 +6.7940824547339762e-01 +6.9557899034218967e-02 
+1.1132812500000000e+00 +4.6846793502413338e-02 -2.0651652329006731e-01 +4.0701161406237092e-02 -8.7742324208863631e-01 +6.6532183931612987e-01 +6.2270912621956206e-02 
+1.1367187500000000e+00 +4.2183386096953039e-02 -1.9150851386280524e-01 +4.1507513384396573e-02 -8.6199721930299544e-01 +6.5099791300297960e-01 +5.5559283342618865e-02 
+1.1601562500000000e+00 +3.7865857714019416e-02 -1.7700900781115625e-01 +4.1789588448885397e-02 -8.4690907385494896e-01 +6.3649992353918172e-01 +4.9399282456738407e-02 
+1.1835937500000000e+00 +3.3881786129495779e-02 -1.6306005636515489e-01 +4.1603308717858924e-02 -8.3216217640262491e-01 +6.2188776028747617e-01 +4.3765736528045440e-02 
+1.2070312500000000e+00 +3.0217831873953042e-02 -1.4969787989474378e-01 +4.1004439648799490e-02 -8.1775853717917535e-01 +6.0721760228571076e-01 +3.8632335130079375e-02 
+1.2304687500000000e+00 +2.6859874893434131e-02 -1.3695286790977848e-01 +4.0048092134010990e-02 -8.0369889432320529e-01 +5.9254180651502975e-01 +3.3971931704257247e-02 
+1.2539062500000000e+00 +2.3793151210235227e-02 -1.2484957906001870e-01 +3.8788224596107951e-02 -7.8998280446633729e-01 +5.7790882700567403e-01 +2.9756834991633844e-02 
+1.2773437500000000e+00 +2.1002389583691817e-02 -1.1340674113513755e-01 +3.7277145083517524e-02 -7.7660873485629411e-01 +5.6336316468579528e-01 +2.5959088460645256e-02 
+1.3007812500000000e+00 +1.8471948170960109e-02 -1.0263725106472012e-01 +3.5565013365964224e-02 -7.6357415629592007e-01 +5.4894534789399119e-01 +2.2550735153051664e-02 
+1.3242187500000000e+00 +1.6185951187798798e-02 -9.2548174918255746e-02 +3.3699343029971317e-02 -7.5087563618025988e-01 +5.3469194348867666e-01 +1.9504065370365406e-02 
+1.3476562500000000e+00 +1.4128425569359055e-02 -8.3140747905143031e-02 +3.1724503574347265e-02 -7.3850893091526604e-01 +5.2063559849789276e-01 +1.6791844623009710e-02 
+1.3710937500000000e+00 +1.2283437630958537e-02 -7.4410374374698871e-02 +2.9681222505689268e-02 -7.2646907700292362e-01 +5.0680511226164904e-01 +1.4387519264464889e-02 
+1.3945312500000000e+00 +1.0635229728873943e-02 -6.6346627816139939e-02 +2.7606087433870160e-02 -7.1475048007859432e-01 +4.9322553902616534e-01 +1.2265397232645374e-02 
+1.4179687500000000e+00 +9.1683569211163853e-03 -5.8933250858600600e-02 +2.5531048167528294e-02 -7.0334700118731242e-01 +4.7991832095532649e-01 +1.0400801320802476e-02 
+1.4414062500000000e+00 +7.8678236282206954e-03 -5.2148155271117401e-02 +2.3482918809576023e-02 -6.9225203958644632e-01 +4.6690145152969892e-01 +8.7701924001605674e-03 
+1.4648437500000000e+00 +6.7192202940241511e-03 -4.5963421963585160e-02 +2.1482879853308493e-02 -6.8145861136286334e-01 +4.5418966930772187e-01 +7.3512600165676900e-03 
+1.4882812500000000e+00 +5.7088583644953669e-03 -4.0345645205313606e-02 +1.9546215884930895e-02 -6.7095942315350687e-01 +4.4179468194154864e-01 +6.1229778416199082e-03 
+1.5117187500000000e+00 +4.8238667905723138e-03 -3.5259284529395890e-02 +1.7684198591821458e-02 -6.6074694028948555e-01 +4.2972541620305549e-01 +5.0656243302569688e-03 
+1.5351562500000000e+00 +4.0521984821724642e-03 -3.0669720486834983e-02 +1.5906100417665270e-02 -6.5081344896385618e-01 +4.1798827348408474e-01 +4.1607808168222897e-03 
+1.5585937500000000e+00 +3.3826040764708483e-03 -2.6543499800652078e-02 +1.4219453570157546e-02 -6.4115111254850399e-01 +4.0658737223689401e-01 +3.3913198534233939e-03 
+1.5820312500000000e+00 +2.8046046057433357e-03 -2.2848335365886298e-02 +1.2630149601885904e-02 -6.3175202240954098e-01 +3.9552477514556167e-01 +2.7413865173055562e-03 
+1.6054687500000000e+00 +2.3084641652099769e-03 -1.9553106249594825e-02 +1.1142538991254535e-02 -6.2260824356728328e-01 +3.8480070205264416e-01 +2.1963732366472853e-03 
+1.6289062500000000e+00 +1.8851625808783499e-03 -1.6627857690853037e-02 +9.7595307233691395e-03 -6.1371185552341034e-01 +3.7441372957885899e-01 +1.7428886505227383e-03 
+1.6523437500000000e+00 +1.5263680773868471e-03 -1.4043801100754214e-02 +8.4826918709401417e-03 -6.0505498855736328e-01 +3.6436097825478864e-01 +1.3687210184014779e-03 
+1.6757812500000000e+00 +1.2244099458480432e-03 -1.1773314062409820e-02 +7.3123471751899141e-03 -5.9662985577611116e-01 +3.5463828788120216e-01 +1.0627966948696024e-03 
+1.6992187500000000e+00 +9.7225121169198646e-04 -9.7899403309492806e-03 +6.2476786267509996e-03 -5.8842878118562891e-01 +3.4524038174626448e-01 +8.1513418506541343e-04 
+1.7226562500000000e+00 +7.6346130250955408e-04 -8.0683898335201700e-03 +5.2868250465650194e-03 -5.8044422403867546e-01 +3.3616102025154260e-01 +6.1679429631269003e-04 
+1.7460937500000000e+00 +5.9218871589575652e-04 -6.5845386692880443e-03 +4.4269816667875540e-03 -5.7266879970126616e-01 +3.2739314443239270e-01 +4.5982690166992539e-04 
+1.7695312500000000e+00 +4.5313368729308213e-04 -5.3154291094365874e-03 +3.6644997116840514e-03 -5.6509529726956653e-01 +3.1892900980107375e-01 +3.3721483075742700e-04 
+1.7929687500000000e+00 +3.4152085783481013e-04 -4.2392695971674990e-03 +2.9949859785430221e-03 -5.5771669415955127e-01 +3.1076031089041717e-01 +2.4281540355419219e-04 
+1.8164062500000000e+00 +2.5307194218834373e-04 -3.3354347477005403e-03 +2.4134024185676261e-03 -5.5052616788327369e-01 +3.0287829683286971e-01 +1.7130012259460384e-04 
+1.8398437500000000e+00 +1.8397839639853932e-04 -2.5844653482735690e-03 +1.9141657177622698e-03 -5.4351710521845897e-01 +2.9527387827102486e-01 +1.1809303924725948e-04 
+1.8632812500000000e+00 +1.3087408573102599e-04 -1.9680683581424622e-03 +1.4912468778674132e-03 -5.3668310897127169e-01 +2.8793772586295074e-01 +7.9308309454201217e-05 
+1.8867187500000000e+00 +9.0807952515539099e-05 -1.4691169085811907e-03 +1.1382707972415139e-03 -5.3001800252665321e-01 +2.8086036061589559e-01 +5.1687454717986424e-05 
+1.9101562500000000e+00 +6.1216683989241783e-05 -1.0716503028817580e-03 +8.4861585175992609e-04 -5.2351583237510479e-01 +2.7403223625680895e-01 +3.2536843573229514e-05 
+1.9335937500000000e+00 +3.9897380140055591e-05 -7.6087401635425143e-04 +6.1551347571479800e-04 -5.1717086880038832e-01 +2.6744381382500909e-01 +1.9665909392060345e-05 
+1.9570312500000000e+00 +2.4980221549984414e-05 -5.2315969632680268e-04 +4.3214774273192536e-04 -5.1097760490853650e-01 +2.6108562865295770e-01 +1.1326619884297650e-05 
+1.9804687500000000e+00 +1.4901137238442575e-05 -3.4604516214560858e-04 +2.9175494666034161e-04 -5.0493075417467403e-01 +2.5494834988315718e-01 +6.1547139523045900e-06 
+2.0039062500000000e+00 +8.3744725055815158e-06 -2.1823440517493130e-04 +1.8772318246257339e-04 -4.9902524668109927e-01 +2.4902283265379305e-01 +3.1132212688789129e-06 
+2.0273437500000000e+00 +4.3656567756158717e-06 -1.2959758879708716e-04 +1.1369192714612262e-04 -4.9325622421700371e-01 +2.4330016307243929e-01 +1.4387804343901767e-06 
+2.0507812500000000e+00 +2.0638714401507524e-06 -7.1171048412457582e-05 +6.3651620635103373e-05 -4.8761903440757925e-01 +2.3777169608395779e-01 +5.9127091800491578e-07 
+2.0742187500000000e+00 +8.5471770150808879e-07 -3.5157291439481329e-05 +3.2043246689422522e-05 -4.8210922403791745e-01 +2.3242908632928116e-01 +2.0727460144238253e-07 
+2.0976562500000000e+00 +2.9288441605355423e-07 -1.4924997314659772e-05 +1.3857913794037642e-05 -4.7672253173494150e-01 +2.2726431208089018e-01 +5.7882290465984808e-08 
+2.1210937500000000e+00 +7.4815937523153035e-08 -5.0090174925535743e-06 +4.7364360545320153e-06 -4.7145488016871318e-01 +2.2226969233329968e-01 +1.1360966285057544e-08 
+2.1445312500000000e+00 +1.1379960349985168e-08 -1.1103754457846284e-06 +1.0689141478802716e-06 -4.6630236793272262e-01 +2.1743789711833680e-01 +1.1969236367869165e-09 
+2.1679687500000000e+00 +5.3536299092603560e-10 -9.6266665035025818e-08 +9.4316140556895563e-08 -4.6126126126113948e-01 +2.1276195110903284e-01 +3.0833999966654405e-11 
+2.1914062500000000e+00 +5.1253342769398388e-14 -5.8659047518627891e-11 +5.8468892080227381e-11 -4.5632798573975014e-01 +2.0823523056929380e-01 +7.7113327261344263e-15 
+2.2148437500000000e+00 +0.0000000000000000e+00 +0.0000000000000000e+00 +0.0000000000000000e+00 -4.5149911816578481e-01 +2.0385145370448132e-01 +0.0000000000000000e+00 
+2.2382812500000000e+00 +0.0000000000000000e+00 +0.0000000000000000e+00 +0.0000000000000000e+00 -4.4677137870855149e-01 +1.9960466483313993e-01 +0.0000000000000000e+00 
+2.2617187500000000e+00 +0.0000000000000000e+00 +0.0000000000000000e+00 +0.0000000000000000e+00 -4.4214162348877373e-01 +1.9548921522128856e-01 +0.0000000000000000e+00 
+2.2851562500000000e+00 +0.0000000000000000e+00 +0.0000000000000000e+00 +0.0000000000000000e+00 -4.3760683760683761e-01 +1.9149974432025715e-01 +0.0000000000000000e+00 
+2.3085937500000000e+00 +0.0000000000000000e+00 +0.0000000000000000e+00 +0.0000000000000000e+00 -4.3316412859560066e-01 +1.8763116230198609e-01 +0.0000000000000000e+00 
+2.3320312500000000e+00 +0.0000000000000000e+00 +0.0000000000000000e+00 +0.0000000000000000e+00 -4.2881072026800671e-01 +1.8387863381676670e-01 +0.0000000000000000e+00 
+2.3554687500000000e+00 +0.0000000000000000e+00 +0.0000000000000000e+00 +0.0000000000000000e+00 -4.2454394693200664e-01 +1.8023756287660647e-01 +0.0000000000000000e+00 
+2.3789062500000000e+00 +0.0000000000000000e+00 +0.0000000000000000e+00 +0.0000000000000000e+00 -4.2036124794745483e-01 +1.7670357877594162e-01 +0.0000000000000000e+00 
+2.4023437500000000e+00 +0.0000000000000000e+00 +0.0000000000000000e+00 +0.0000000000000000e+00 -4.1626016260162602e-01 +1.7327252296913212e-01 +0.0000000000000000e+00 
+2.4257812500000000e+00 +0.0000000000000000e+00 +0.0000000000000000e+00 +0.0000000000000000e+00 -4.1223832528180354e-01 +1.6994043683114607e-01 +0.0000000000000000e+00 
+2.4492187500000000e+00 +0.0000000000000000e+00 +0.0000000000000000e+00 +0.0000000000000000e+00 -4.0829346092503987e-01 +1.6670355023414707e-01 +0.0000000000000000e+00 
+2.4726562500000000e+00 +0.0000000000000000e+00 +0.0000000000000000e+00 +0.0000000000000000e+00 -4.0442338072669826e-01 +1.6355827087841193e-01 +0.0000000000000000e+00 
+2.4960937500000000e+00 +0.0000000000000000e+00 +0.0000000000000000e+00 +0.0000000000000000e+00 -4.0062597809076683e-01 +1.6050117432118358e-01 +0.0000000000000000e+00 
+2.5195312500000000e+00 +0.0000000000000000e+00 +0.0000000000000000e+00 +0.0000000000000000e+00 -3.9689922480620154e-01 +1.5752899465176370e-01 +0.0000000000000000e+00 
+2.5429687500000000e+00 +0.0000000000000000e+00 +0.0000000000000000e+00 +0.0000000000000000e+00 -3.9324116743471582e-01 +1.5463861576541821e-01 +0.0000000000000000e+00 
+2.5664062500000000e+00 +0.0000000000000000e+00 +0.0000000000000000e+00 +0.0000000000000000e+00 -3.8964992389649922e-01 +1.5182706319254766e-01 +0.0000000000000000e+00 
+2.5898437500000000e+00 +0.0000000000000000e+00 +0.0000000000000000e+00 +0.0000000000000000e+00 -3.8612368024132732e-01 +1.4909149644310676e-01 +0.0000000000000000e+00 
+2.6132812500000000e+00 +0.0000000000000000e+00 +0.0000000000000000e+00 +0.0000000000000000e+00 -3.8266068759342303e-01 +1.4642920182947128e-01 +0.0000000000000000e+00 
+2.6367187500000000e+00 +0.0000000000000000e+00 +0.0000000000000000e+00 +0.0000000000000000e+00 -3.7925925925925924e-01 +1.4383758573388203e-01 +0.0000000000000000e+00 
+2.6601562500000000e+00 +0.0000000000000000e+00 +0.0000000000000000e+00 +0.0000000000000000e+00 -3.7591776798825255e-01 +1.4131416828926968e-01 +0.0000000000000000e+00 
+2.6835937500000000e+00 +0.0000000000000000e+00 +0.0000000000000000e+00 +0.0000000000000000e+00 -3.7263464337700147e-01 +1.3885657744470506e-01 +0.0000000000000000e+00 
+2.7070312500000000e+00 +0.0000000000000000e+00 +0.0000000000000000e+00 +0.0000000000000000e+00 -3.6940836940836941e-01 +1.3646254338895031e-01 +0.0000000000000000e+00 
+2.7304687500000000e+00 +0.0000000000000000e+00 +0.0000000000000000e+00 +0.0000000000000000e+00 -3.6623748211731044e-01 +1.3412989330762728e-01 +0.0000000000000000e+00 
+2.7539062500000000e+00 +0.0000000000000000e+00 +0.0000000000000000e+00 +0.0000000000000000e+00 -3.6312056737588655e-01 +1.3185654645138575e-01 +0.0000000000000000e+00 
+2.7773437500000000e+00 +0.0000000000000000e+00 +0.0000000000000000e+00 +0.0000000000000000e+00 -3.6005625879043601e-01 +1.2964050949416542e-01 +0.0000000000000000e+00 
+2.8007812500000000e+00 +0.0000000000000000e+00 +0.0000000000000000e+00 +0.0000000000000000e+00 -3.5704323570432356e-01 +1.2747987216221315e-01 +0.0000000000000000e+00 
+2.8242187500000000e+00 +0.0000000000000000e+00 +0.0000000000000000e+00 +0.0000000000000000e+00 -3.5408022130013833e-01 +1.2537280311595492e-01 +0.0000000000000000e+00 
+2.8476562500000000e+00 +0.0000000000000000e+00 +0.0000000000000000e+00 +0.0000000000000000e+00 -3.5116598079561040e-01 +1.2331754606814303e-01 +0.0000000000000000e+00 
+2.8710937500000000e+00 +0.0000000000000000e+00 +0.0000000000000000e+00 +0.0000000000000000e+00 -3.4829931972789113e-01 +1.2131241612291176e-01 +0.0000000000000000e+00 
+2.8945312500000000e+00 +0.0000000000000000e+00 +0.0000000000000000e+00 +0.0000000000000000e+00 -3.4547908232118757e-01 +1.1935579632148990e-01 +0.0000000000000000e+00 
+2.9179687500000000e+00 +0.0000000000000000e+00 +0.0000000000000000e+00 +0.0000000000000000e+00 -3.4270414993306558e-01 +1.1744613438134510e-01 +0.0000000000000000e+00 
+2.9414062500000000e+00 +0.0000000000000000e+00 +0.0000000000000000e+00 +0.0000000000000000e+00 -3.3997343957503318e-01 +1.1558193961647875e-01 +0.0000000000000000e+00 
+2.9648437500000000e+00 +0.0000000000000000e+00 +0.0000000000000000e+00 +0.0000000000000000e+00 -3.3728590250329382e-01 +1.1376178002746141e-01 +0.0000000000000000e+00 
+2.9882812500000000e+00 +0.0000000000000000e+00 +0.0000000000000000e+00 +0.0000000000000000e+00 -3.3464052287581697e-01 +1.1198427955060020e-01 +0.0000000000000000e+00 
