# r2 direct single double poly
5.6031673719364797e+01 3.7496625414923852e-03 3.7501284400000001e-03 3.7501199585900074e-03 3.7496970035135746e-03
5.7874621625818634e+01 2.9277417845969453e-03 2.9278146100000001e-03 2.9278243828874079e-03 2.9277701396495104e-03
6.9725763187985606e+01 6.1096937055131635e-04 6.1109417600000002e-04 6.1109627198309836e-04 6.1079044826328754e-04
4.5098283814430722e+01 1.6738848361213698e-02 1.6739761499999999e-02 1.6739740041668876e-02 1.6738824546337128e-02
3.4111193955876189e+01 8.0700993486982189e-02 8.0702215399999999e-02 8.0702177380406401e-02 8.0700688064098358e-02
4.5715083847770657e+01 1.5360839181928260e-02 1.5360852700000000e-02 1.5360856271759992e-02 1.5360805206000805e-02
5.9997205175497214e+01 2.2048254715801721e-03 2.2048391400000000e-03 2.2048389027554023e-03 2.2048365790396929e-03
6.7939566302278493e+01 7.7190992624766276e-04 7.7211798599999997e-04 7.7211672649859944e-04 7.7190948650240898e-04
6.8263037374165407e+01 7.3986584436983537e-04 7.4001587899999997e-04 7.4001544014045881e-04 7.3986809002235532e-04
2.7382353291708135e+01 2.2382613508394755e-01 2.2382700400000000e-01 2.2382757771886297e-01 2.2382561862468719e-01
3.5857892546149401e+01 6.2444033349633332e-02 6.2445227100000000e-02 6.2445114913104803e-02 6.2443848699331284e-02
3.2765537359119875e+01 9.8535192871419777e-02 9.8536536100000002e-02 9.8536674188420714e-02 9.8534576594829559e-02
1.7576048284318706e+01 1.1477418961492425e+00 1.1477412000000000e+00 1.1477436040698117e+00 1.1477415561676025e+00
1.1389938148308138e+01 3.9018720515381258e+00 3.9018836000000001e+00 3.9018734064807843e+00 3.9018745422363281e+00
1.8117824910777696e+01 1.0411076831717849e+00 1.0411073000000000e+00 1.0411086617265011e+00 1.0411030054092407e+00
4.5370502154606555e+01 1.6115644611962823e-02 1.6115903899999999e-02 1.6115938480545683e-02 1.6115611419081688e-02
3.9262729883248525e+01 3.8168194556334002e-02 3.8169361700000001e-02 3.8169351627424922e-02 3.8168273866176605e-02
4.0879981151045612e+01 3.0305219685120125e-02 3.0305901499999999e-02 3.0305930793813319e-02 3.0305352061986923e-02
7.5565769585143601e+00 1.0015613468250532e+01 1.0015605900000001e+01 1.0015614636767374e+01 1.0015616416931152e+01
9.8111028773894855e+00 5.6040329683405163e+00 5.6040391899999999e+00 5.6040338083460641e+00 5.6040349006652832e+00
1.2854198041881768e+01 2.8532305311429864e+00 2.8532288100000001e+00 2.8532315420925207e+00 2.8532278537750244e+00
3.3669076510393310e+01 8.6154539930490770e-02 8.6155004800000004e-02 8.6155317526392466e-02 8.6153797805309296e-02
4.1049885962401788e+01 2.9582761024733204e-02 2.9583765200000001e-02 2.9583785308320145e-02 2.9582891613245010e-02
4.0420489894617290e+01 3.2351875747350829e-02 3.2351795599999997e-02 3.2351897179865197e-02 3.2352000474929810e-02
2.4445672280513040e+01 3.5671096711701616e-01 3.5671201299999999e-01 3.5671232680305059e-01 3.5670956969261169e-01
1.8014525894824793e+01 1.0605519295123365e+00 1.0605541500000000e+00 1.0605536774375912e+00 1.0605483055114746e+00
3.2757145828823639e+01 9.8658549765513970e-02 9.8659649500000002e-02 9.8659884432033551e-02 9.8657928407192230e-02
9.7116937565972492e+00 5.7391960268851410e+00 5.7392034499999998e+00 5.7391969152082378e+00 5.7391920089721680e+00
6.4070389650865023e+00 1.4058660187822568e+01 1.4058656700000000e+01 1.4058660654955471e+01 1.4058653831481934e+01
7.6693264009864315e+00 9.7060935425766868e+00 9.7060584999999993e+00 9.7060941235132550e+00 9.7060985565185547e+00
1.3916314794807693e+01 2.2982653730937166e+00 2.2982645000000002e+00 2.2982663848523472e+00 2.2982659339904785e+00
1.2648970265161328e+01 2.9778896011171647e+00 2.9778795200000001e+00 2.9778907466365778e+00 2.9778857231140137e+00
9.0889559299363025e+00 6.6851874653670222e+00 6.6851949700000004e+00 6.6851887029180448e+00 6.6851835250854492e+00
1.1326812892270725e+01 3.9566453111369708e+00 3.9566552599999998e+00 3.9566457247159788e+00 3.9566473960876465e+00
1.7324052759068980e+01 1.2014760456362392e+00 1.2014770500000000e+00 1.2014762936574963e+00 1.2014800310134888e+00
1.3560834285469895e+01 2.4686116816741412e+00 2.4686145800000001e+00 2.4686132113479187e+00 2.4686112403869629e+00
3.9526914775525711e+01 3.6751919540584779e-02 3.6753032400000003e-02 3.6753089735275100e-02 3.6752037703990936e-02
5.1204757668478848e+01 7.2115370429257633e-03 7.2115482799999997e-03 7.2115902395401606e-03 7.2115128859877586e-03
4.1897655455216331e+01 2.6234890625203962e-02 2.6234988099999999e-02 2.6235072223407985e-02 2.6235023513436317e-02
1.3935890011691399e+02 9.4950270429149918e-08 9.5346699400000000e-08 9.5347136236847528e-08 9.4452538235145767e-08
9.1487028585189705e+01 3.7152891470361316e-05 3.7162306399999998e-05 3.7162519930808762e-05 3.7123601941857487e-05
8.4978829406870148e+01 8.5145437882327944e-05 8.5200408599999996e-05 8.5200882488812506e-05 8.5023035353515297e-05
1.1043782452833018e+02 3.4173142654484335e-06 3.4229203699999999e-06 3.4229088054501395e-06 3.4211152524221689e-06
1.3245825395128122e+02 2.2214571504226748e-07 2.2223972000000000e-07 2.2223955306346662e-07 2.2647543573839357e-07
1.2425355018852959e+02 6.1259578432336174e-07 6.1407769200000005e-07 6.1407953768854511e-07 6.0732111251127208e-07
1.2748620253755230e+02 4.1056070947111292e-07 4.1184040400000000e-07 4.1184420738188187e-07 4.1039390907826601e-07
6.8481072787803257e+01 7.1903053221289426e-04 7.1916618600000005e-04 7.1917087837774900e-04 7.1903568459674716e-04
5.8936199837488743e+01 2.5401453308309565e-03 2.5405194600000001e-03 2.5405376429108876e-03 2.5401702150702477e-03
6.2465386354970633e+01 1.5882527868934597e-03 1.5885505099999999e-03 1.5885557942155212e-03 1.5882436418905854e-03
1.0935421323553999e+02 3.9130983015729224e-06 3.9195538200000003e-06 3.9195726392793084e-06 3.9211636249092408e-06
9.7899726894584788e+01 1.6498150961486039e-05 1.6514864899999999e-05 1.6514979093561670e-05 1.6532263543922454e-05
1.2860722527951393e+02 3.5741918904216393e-07 3.5861862099999999e-07 3.5861992234981111e-07 3.5880376003660785e-07
8.1145591112950484e+01 1.3917533161733140e-04 1.3918425200000001e-04 1.3918500952531213e-04 1.3908166147302836e-04
8.0974948900445639e+01 1.4226100404964593e-04 1.4232138300000001e-04 1.4232227719178283e-04 1.4217173156794161e-04
9.8873273123451327e+01 1.4591290039436415e-05 1.4608925100000000e-05 1.4608954203352320e-05 1.4628256394644268e-05
1.2561095316004986e+02 5.1779650608529365e-07 5.1910734600000000e-07 5.1911106124156123e-07 5.1469720574459643e-07
1.3167827951078718e+02 2.4458946002290414e-07 2.4551837899999999e-07 2.4551980109819336e-07 2.4870681158972729e-07
1.0576465882109173e+02 6.1340864891747106e-06 6.1368255000000000e-06 6.1368491024221001e-06 6.1577488850161899e-06
7.8707427147263431e+01 1.9047576399472112e-04 1.9056232099999999e-04 1.9056240154742280e-04 1.9047384557779878e-04
7.6007740933880555e+01 2.6993893971524713e-04 2.7005071799999998e-04 2.7005176102232279e-04 2.7009990299120545e-04
8.2838427276811188e+01 1.1199434000876256e-04 1.1201054400000000e-04 1.1201110786512794e-04 1.1187314521521330e-04
1.4328308084857159e+02 5.8625372722238918e-08 5.8928495900000001e-08 5.8928639665501986e-08 5.9299644306065602e-08
1.0334274599122030e+02 8.3132973615517417e-06 8.3251497899999997e-06 8.3252611618513466e-06 8.3462264228728600e-06
8.7453108053853398e+01 6.2076881982643203e-05 6.2112645500000000e-05 6.2112891808751552e-05 6.1981518229003996e-05
1.1147404897483804e+02 3.0023667564880862e-06 3.0076564600000000e-06 3.0076934396474809e-06 3.0024875741219148e-06
1.3464903933650839e+02 1.6955694378918567e-07 1.7024717600000001e-07 1.7024828042581499e-07 1.7314238220933476e-07
1.2277064810790100e+02 7.3621112464180105e-07 7.3735378699999999e-07 7.3735174734055108e-07 7.2870659550972050e-07
1.3900504566254239e+02 9.9173786730767898e-08 9.9369479799999999e-08 9.9370549953839489e-08 9.8450485097600904e-08
1.2520740871497895e+02 5.4432735028597338e-07 5.4436907199999997e-07 5.4437562964592407e-07 5.4056789622336510e-07
1.3680266018682772e+02 1.3004746518582272e-07 1.3043900500000001e-07 1.3043876045762736e-07 1.3072073556941177e-07
1.2295970163720419e+02 7.1915323910520830e-07 7.2090017499999995e-07 7.2090453228182605e-07 7.1190947892318945e-07
8.5330561185832977e+01 8.1400940388531219e-05 8.1401180100000006e-05 8.1401543893658304e-05 8.1280304584652185e-05
9.7575700490005531e+01 1.7186965067577634e-05 1.7191510800000000e-05 1.7191587990149932e-05 1.7219648725586012e-05
9.3633606556381451e+01 2.8296802444525088e-05 2.8299880800000001e-05 2.8300234105668766e-05 2.8297326934989542e-05
1.4264907027176693e+02 6.3371691566387226e-08 6.3607331000000005e-08 6.3608065677535679e-08 6.3975576836128312e-08
1.0221834386013010e+02 9.5753105553189578e-06 9.5862806099999998e-06 9.5862833150760887e-06 9.6112798928515986e-06
8.5386509163338232e+01 8.0820833045391460e-05 8.0837147799999994e-05 8.0837083653603886e-05 8.0700978287495673e-05
1.1016775146994263e+02 3.5346353546979815e-06 3.5410666899999999e-06 3.5410636036707041e-06 3.5394516544329235e-06
1.2879934049032988e+02 3.4903156088434299e-07 3.5022864599999999e-07 3.5023402288440310e-07 3.5066005921180476e-07
1.2721528458832566e+02 4.2455223927024130e-07 4.2593057999999999e-07 4.2593260764021951e-07 4.2397505239932798e-07
2.7063957905946200e+01 2.3525660049391411e-01 2.3525761100000001e-01 2.3525797351005492e-01 2.3525512218475342e-01
3.6138959489293462e+01 5.9935231387953695e-02 5.9936013099999998e-02 5.9936134893425350e-02 5.9935074299573898e-02
2.2106964911338334e+01 5.2342338468290772e-01 5.2342235999999998e-01 5.2342380644617970e-01 5.2342450618743896e-01
4.1859602163363206e+01 2.6376433973773764e-02 2.6376966400000000e-02 2.6377075245567462e-02 2.6376537978649139e-02
4.6454487511560387e+01 1.3861366077630093e-02 1.3861333999999999e-02 1.3861393696437137e-02 1.3861313462257385e-02
3.6288540894215565e+01 5.8643106912970103e-02 5.8644123399999998e-02 5.8644343895176060e-02 5.8642677962779999e-02
7.6072647693467189e+01 2.6768131840567864e-04 2.6779330800000002e-04 2.6779363079717822e-04 2.6783772045746446e-04
6.8537678612939061e+01 7.1371923473195211e-04 7.1377767000000000e-04 7.1378075286039773e-04 7.1372470119968057e-04
7.5165786431654993e+01 3.0103100879993062e-04 3.0112368400000001e-04 3.0112586829341743e-04 3.0124475597403944e-04
7.5475166825413673e+00 1.0041040069769119e+01 1.0040931700000000e+01 1.0041016605811832e+01 1.0041028022766113e+01
1.0856983656752497e+01 4.3949441308727693e+00 4.3948950800000004e+00 4.3949332164088997e+00 4.3949475288391113e+00
1.1242655805084262e+01 4.0311195514896889e+00 4.0311088599999998e+00 4.0311112593026488e+00 4.0311079025268555e+00
3.0045354634573890e+01 1.4844995692593557e-01 1.4845070199999999e-01 1.4845139620785980e-01 1.4845103025436401e-01
2.8286476004730957e+01 1.9447453424260039e-01 1.9447501000000000e-01 1.9447572011412387e-01 1.9447487592697144e-01
2.5740286090232246e+01 2.8990684430434094e-01 2.8990799200000000e-01 2.8990834922917491e-01 2.8990450501441956e-01
5.7235630874940853e+01 3.1895843503068101e-03 3.1899244099999999e-03 3.1899258357818904e-03 3.1896056607365608e-03
5.6234112063406791e+01 3.6489113369354560e-03 3.6491267400000000e-03 3.6491298293111897e-03 3.6489330232143402e-03
6.9873813137041523e+01 5.9926224849659237e-04 5.9934449400000000e-04 5.9934319108175579e-04 5.9913547011092305e-04
2.5373451219413642e+01 3.0735251774395672e-01 3.0734944300000000e-01 3.0735195582757130e-01 3.0735030770301819e-01
2.5633097975556574e+01 2.9489191049457525e-01 2.9489249000000001e-01 2.9489311072922725e-01 2.9488882422447205e-01
3.3093307417923334e+01 9.3841294849719467e-02 9.3841098200000000e-02 9.3841642172096312e-02 9.3839794397354126e-02
6.1810777655002518e+01 1.7323097468415994e-03 1.7326177300000000e-03 1.7326078733990553e-03 1.7323058564215899e-03
5.7877058586262422e+01 2.9267862605077042e-03 2.9268413800000001e-03 2.9268453435556904e-03 2.9268013313412666e-03
5.2267196930153702e+01 6.2397139861220426e-03 6.2402607900000004e-03 6.2402718444275604e-03 6.2396703287959099e-03
7.8040760788045873e+01 2.0757729108372022e-04 2.0766833000000000e-04 2.0766929891726597e-04 2.0760955521836877e-04
8.3295739093597959e+01 1.0561791974160699e-04 1.0567245800000000e-04 1.0567249842549746e-04 1.0549346188781783e-04
6.8188147145328060e+01 7.4716266091774187e-04 7.4719864600000005e-04 7.4720391103343217e-04 7.4716517701745033e-04
5.3851691083072197e+01 5.0325027616486663e-03 5.0326576500000003e-03 5.0326460434099258e-03 5.0325226038694382e-03
4.6548953743061873e+01 1.3680937946657921e-02 1.3681727499999999e-02 1.3681735002141128e-02 1.3680834323167801e-02
5.6687810115024682e+01 3.4330140301971610e-03 3.4332964600000001e-03 3.4333161786631559e-03 3.4330240450799465e-03
9.0515923718513321e+01 4.2031500960590635e-05 4.2059928100000002e-05 4.2059873541338817e-05 4.1986655560322106e-05
9.5964308848478993e+01 2.1067681971898204e-05 2.1071478799999999e-05 2.1071540679643020e-05 2.1090883819852024e-05
7.8564764963406105e+01 1.9401146172977077e-04 1.9409733099999999e-04 1.9409814639773421e-04 1.9401502504479140e-04
4.4555364188446589e+01 1.8056911554218437e-02 1.8057785900000001e-02 1.8057764612676615e-02 1.8056856468319893e-02
4.3876950835716094e+01 1.9855456908723236e-02 1.9856305800000001e-02 1.9856340794230612e-02 1.9855335354804993e-02
5.7297191189550944e+01 3.1633519661567315e-03 3.1634229200000002e-03 3.1634345671350231e-03 3.1633565668016672e-03
1.3507360098936545e+02 1.6091382363191376e-07 1.6147953399999999e-07 1.6147975016292804e-07 1.6409866532285378e-07
1.3770700106437414e+02 1.1634717700202120e-07 1.1681701300000000e-07 1.1681705460205177e-07 1.1510523734159506e-07
1.2824277906485909e+02 3.7389095467243996e-07 3.7459238900000001e-07 3.7459346717060789e-07 3.7479904335668834e-07
7.9953258886864049e+01 1.6223738417480321e-04 1.6226444900000001e-04 1.6226375748078613e-04 1.6218067321460694e-04
7.6163267768717404e+01 2.6456122276624503e-04 2.6464788200000002e-04 2.6464780444760772e-04 2.6471220189705491e-04
6.6165033833122308e+01 9.7449088751411477e-04 9.7458070399999996e-04 9.7458533503487108e-04 9.7447558073326945e-04
1.0158023762402118e+02 1.0375550960825619e-05 1.0389128900000000e-05 1.0389146369599846e-05 1.0412809388071764e-05
1.1164388651558865e+02 2.9393608829784052e-06 2.9429336300000000e-06 2.9429235525478818e-06 2.9389302653726190e-06
1.0339580348715882e+02 8.2580660115862605e-06 8.2697142700000001e-06 8.2697483800052579e-06 8.2908136391779408e-06
9.8009306480387636e+01 1.6271553183579968e-05 1.6290408899999999e-05 1.6290441807903052e-05 1.6306092220474966e-05
8.8759508221114004e+01 5.2556427030804445e-05 5.2583556699999997e-05 5.2583740977697617e-05 5.2482293540379032e-05
1.1234611325211795e+02 2.6926521350544775e-06 2.6980517300000001e-06 2.6980345755151506e-06 2.6900509055849398e-06
1.2214300749121408e+02 7.9581113837172997e-07 7.9777356600000005e-07 7.9777603231684262e-07 7.8747734733042307e-07
1.0771902523221152e+02 4.8016614095651685e-06 4.8033302800000000e-06 4.8033237977941095e-06 4.8167112254304811e-06
1.2229409432929154e+02 7.8103530791774578e-07 7.8247865099999998e-07 7.8247944187310450e-07 7.7289911359912367e-07
1.1780510576667967e+02 1.3639844192919914e-06 1.3661507400000000e-06 1.3661554618963591e-06 1.3529411262425128e-06
1.0162041502969990e+02 1.0323235328788123e-05 1.0336283599999999e-05 1.0336237630293644e-05 1.0360427040723152e-05
1.3073090625219714e+02 2.7493519444433176e-07 2.7538078500000001e-07 2.7537924362702792e-07 2.7850279593621963e-07
6.9306790723857617e+01 6.4537144517640751e-04 6.4550293600000000e-04 6.4550178792985519e-04 6.4502004534006119e-04
7.5433200899666119e+01 2.9078185928512260e-04 2.9087890300000003e-04 2.9087858625380299e-04 2.9097983497194946e-04
5.7743497048075028e+01 2.9796266088306326e-03 2.9800455099999999e-03 2.9800528212966708e-03 2.9796557500958443e-03
1.3948789016187021e+02 9.3455980962709808e-08 9.3885020600000000e-08 9.3885379535564740e-08 9.3033484915849840e-08
1.3332573531395923e+02 1.9960307580606702e-07 2.0037826700000001e-07 2.0037874973234401e-07 2.0388820587413647e-07
1.2774791209713723e+02 3.9748457796366421e-07 3.9828879000000001e-07 3.9828915792679864e-07 3.9769122395227896e-07
1.2834003970048417e+02 3.6942193522648863e-07 3.7032199900000000e-07 3.7032169419966330e-07 3.7045742828922812e-07
1.1526001798214479e+02 1.8723525949157265e-06 1.8731532200000000e-06 1.8731537451357579e-06 1.8633562604009057e-06
1.2582623932472970e+02 5.0417791005538631e-07 5.0574982399999998e-07 5.0574998827633915e-07 5.0142728014179738e-07
1.2157607361985774e+02 8.5380395635589205e-07 8.5551585000000001e-07 8.5551350672479368e-07 8.4478722328640288e-07
1.3533618144427925e+02 1.5579105314441716e-07 1.5608424100000001e-07 1.5608369982285672e-07 1.5868742764268973e-07
1.2146077358145256e+02 8.6610811781630838e-07 8.6732029599999998e-07 8.6732180722356922e-07 8.5695825191578479e-07
1.0002770859261524e+02 1.2615356154657707e-05 1.2624471300000000e-05 1.2624453067764247e-05 1.2653682460950222e-05
8.7529041536362953e+01 6.1478666628863069e-05 6.1521655899999999e-05 6.1521915040994483e-05 6.1384744185488671e-05
9.3971552092011763e+01 2.7110816693823388e-05 2.7136544299999999e-05 2.7136660691717667e-05 2.7115229386254214e-05
6.5877315757941943e+01 1.0120916531518066e-03 1.0121925700000000e-03 1.0121993988973738e-03 1.0120732476934791e-03
5.1760876517163545e+01 6.6849374325151202e-03 6.6855312299999997e-03 6.6855377114373379e-03 6.6848932765424252e-03
6.8756132817068107e+01 6.9359193560405302e-04 6.9378246599999997e-04 6.9378676014913542e-04 6.9359940243884921e-04
1.2591581831194658e+02 4.9861784000264984e-07 5.0020725000000003e-07 5.0020328753252470e-07 4.9600879492572858e-07
1.1211320142494991e+02 2.7720816987269948e-06 2.7761307100000002e-06 2.7761345189013752e-06 2.7701753424480557e-06
1.1904753206873610e+02 1.1687651216786698e-06 1.1708410700000000e-06 1.1708382422519333e-06 1.1578059684325126e-06
1.1742912755380067e+02 1.4292876036033914e-06 1.4305716100000000e-06 1.4305772928572402e-06 1.4183385701471707e-06
1.3856941378762176e+02 1.0463324701698301e-07 1.0486952099999999e-07 1.0486988836342323e-07 1.0359583058061617e-07
1.1513082484181835e+02 1.9027304887405114e-06 1.9037105400000000e-06 1.9037096264024375e-06 1.8939165329356911e-06
1.0088329579460529e+02 1.1326729278418336e-05 1.1336012000000001e-05 1.1336054623504162e-05 1.1364810234226752e-05
9.1570034395320306e+01 3.6763352127916208e-05 3.6783494599999998e-05 3.6783601777308794e-05 3.6735065805260092e-05
9.0707252996666440e+01 4.1021710633958639e-05 4.1021725299999997e-05 4.1021891920825268e-05 4.0979703044285998e-05
1.1923509743116844e+02 1.1418378739706869e-06 1.1445646400000001e-06 1.1445751114433062e-06 1.1309471119602676e-06
1.3232955993725710e+02 2.2570111813095629e-07 2.2589016200000000e-07 2.2589147473697424e-07 2.3001399540589773e-07
1.1111076096230053e+02 3.1417355472166200e-06 3.1469460300000002e-06 3.1469421345068684e-06 3.1430984108737903e-06
1.0804142904229933e+02 4.6116980135719960e-06 4.6190443799999998e-06 4.6190833226791280e-06 4.6253467189671937e-06
1.2166246945137488e+02 8.4469951199780594e-07 8.4667300399999999e-07 8.4667685255264852e-07 8.3577612031149329e-07
1.0583434900604708e+02 6.0807143394798879e-06 6.0855904800000000e-06 6.0855440743178915e-06 6.1040923355903942e-06
1.3311695915053093e+02 2.0480922737402449e-07 2.0561225299999999e-07 2.0561361955737004e-07 2.0912993647925759e-07
1.2425370352711126e+02 6.1258414569384285e-07 6.1406188900000000e-07 6.1406579517852128e-07 6.0730513951057219e-07
1.4258444787662094e+02 6.3876616557114474e-08 6.4087217300000002e-08 6.4087444108725182e-08 6.4470604854705016e-08
1.1337070699756958e+02 2.3695298743329704e-06 2.3741933999999998e-06 2.3741856587558261e-06 2.3641734969714889e-06
7.3197546990721605e+01 3.8862083480250404e-04 3.8875354199999999e-04 3.8875491904016222e-04 3.8891076110303402e-04
8.7839200164469588e+01 5.9094962532284610e-05 5.9117828599999998e-05 5.9117766045704128e-05 5.9005957155022770e-05
6.6008577949089130e+01 9.9475824974417813e-04 9.9499395600000009e-04 9.9499767325186578e-04 9.9473900627344847e-04
5.2499392068923676e+01 6.0457909065166583e-03 6.0463310200000002e-03 6.0463651681304416e-03 6.0457657091319561e-03
5.2944431860183656e+01 5.6911398739086195e-03 5.6916526500000002e-03 5.6916897089433214e-03 5.6911376304924488e-03
6.0151102239979082e+01 2.1600742103810100e-03 2.1604315799999998e-03 2.1604344390014235e-03 2.1600811742246151e-03
1.2771744631352590e+02 3.9898501077835960e-07 3.9985690100000002e-07 3.9986193681700819e-07 3.9915576621751825e-07
1.2289136824256738e+02 7.2527250491835086e-07 7.2685349999999996e-07 7.2684337726713311e-07 7.1793823508414789e-07
1.2721623000140407e+02 4.2450259019542177e-07 4.2588811800000001e-07 4.2588332547050906e-07 4.2393364196868788e-07
1.3239897329566151e+02 2.2377641038263433e-07 2.2380659500000000e-07 2.2381025806488794e-07 2.2810048960764107e-07
1.1338526892282258e+02 2.3652302147516028e-06 2.3699431000000000e-06 2.3699370488858992e-06 2.3598390725965146e-06
1.0968082548795778e+02 3.7564900623901918e-06 3.7573615800000002e-06 3.7573515326699444e-06 3.7632194107573014e-06
1.2560955821536814e+02 5.1788594180408232e-07 5.1919181500000000e-07 5.1919517414522116e-07 5.1479446483426727e-07
1.3552245275503296e+02 1.5225657918532556e-07 1.5226605400000001e-07 1.5226767967711297e-07 1.5493230876018060e-07
1.3616589526832900e+02 1.4065505075822391e-07 1.4123386900000001e-07 1.4123397874398224e-07 1.4242716872558958e-07
1.4039448283925844e+02 8.3598554947509971e-08 8.3686984499999997e-08 8.3686985857308342e-08 8.3617507584676787e-08
1.2837866466605925e+02 3.6766207719445469e-07 3.6862243699999997e-07 3.6862484176566708e-07 3.6874044440082798e-07
1.4086661950180010e+02 7.8885319059598761e-08 7.9146637699999999e-08 7.9146737659770797e-08 7.9079548243043973e-08
1.1685686273210619e+02 1.5347663903920403e-06 1.5382629500000000e-06 1.5382616892133837e-06 1.5241115534081473e-06
1.2420630922070734e+02 6.1619204099969904e-07 6.1756355799999997e-07 6.1755628748264113e-07 6.1083716218490736e-07
1.4155286133600828e+02 7.2505985716171518e-08 7.2856977299999996e-08 7.2857881058735324e-08 7.2901322312191041e-08
1.2823155519594792e+02 3.7441016088437929e-07 3.7508405599999999e-07 3.7508510532318652e-07 3.7529977703343320e-07
1.3805976533124101e+02 1.1140442834156794e-07 1.1191308900000000e-07 1.1191141726582720e-07 1.0930405380804586e-07
1.2925141808913216e+02 3.3006556126069814e-07 3.3059728800000002e-07 3.3060309942561593e-07 3.3223480500055302e-07
1.3103335252794923e+02 2.6485753748149547e-07 2.6514868500000001e-07 2.6514633109165346e-07 2.6864330493481248e-07
1.3149955400701762e+02 2.5004496957703554e-07 2.5093581300000000e-07 2.5093817942526682e-07 2.5408800752302341e-07
1.4141349947515957e+02 7.3758188517430601e-08 7.4129893299999997e-08 7.4130009109317777e-08 7.4117032511367142e-08
1.4272080647339126e+02 6.2815872142928628e-08 6.3076193200000004e-08 6.3076390532694839e-08 6.3428970520362782e-08
9.5983147892641938e+01 2.1017560080410018e-05 2.1019628499999999e-05 2.1019383057015113e-05 2.1040883439127356e-05
9.3291777757880794e+01 2.9549626263774615e-05 2.9577950000000000e-05 2.9577919020584438e-05 2.9545897632488050e-05
8.7059494388355517e+01 6.5273252136905196e-05 6.5315180099999998e-05 6.5314962821879738e-05 6.5172680479008704e-05
2.9519818718167208e+01 1.6085280437733074e-01 1.6085441400000000e-01 1.6085384733334213e-01 1.6085387766361237e-01
2.8652315769737321e+01 1.8378597594417431e-01 1.8378545299999999e-01 1.8378611143017917e-01 1.8378604948520660e-01
2.2330240362273507e+01 5.0433318920045811e-01 5.0433319799999998e-01 5.0433350243180830e-01 5.0433546304702759e-01
5.6508438710056076e+01 3.5167692692161588e-03 3.5169597200000002e-03 3.5169798708167186e-03 3.5168160684406757e-03
4.8670526704721880e+01 1.0205674811947996e-02 1.0206317499999999e-02 1.0206285739361783e-02 1.0205619037151337e-02
5.6792670640291689e+01 3.3849952208629404e-03 3.3852229799999998e-03 3.3852295331396167e-03 3.3850208856165409e-03
5.1212724642529224e+01 7.2037008901027948e-03 7.2038443800000003e-03 7.2038100031575165e-03 7.2036846540868282e-03
5.9221738049585689e+01 2.4451005253945191e-03 2.4454861400000001e-03 2.4454764057111281e-03 2.4451233912259340e-03
4.0505233433209149e+01 3.1963931781957826e-02 3.1964659700000002e-02 3.1964913393793433e-02 3.1964182853698730e-02
9.1655067326410460e+01 3.6368567793332027e-05 3.6395995300000003e-05 3.6396196215563866e-05 3.6341996747069061e-05
7.7182808216431184e+01 2.3189150447065960e-04 2.3197286600000000e-04 2.3197130360804686e-04 2.3197545669972897e-04
9.7712381000821196e+01 1.6892946570633962e-05 1.6899921300000000e-05 1.6899980061101429e-05 1.6926293028518558e-05
7.4703379538177415e+01 3.1962374331089807e-04 3.1970924499999999e-04 3.1970748484356408e-04 3.1986457179300487e-04
6.1040442353562298e+01 1.9189630765325840e-03 1.9192284699999999e-03 1.9192277628665890e-03 1.9189662998542190e-03
7.3663019736956315e+01 3.6581818146537432e-04 3.6594769299999998e-04 3.6594769689749304e-04 3.6610057577490807e-04
5.5890595759282277e+01 3.8215486090843890e-03 3.8217508700000001e-03 3.8217417798968941e-03 3.8215825334191322e-03
5.7083882186277087e+01 3.2551989885774334e-03 3.2554431799999999e-03 3.2554673760933988e-03 3.2552378252148628e-03
5.5916015195714074e+01 3.8084931482221915e-03 3.8085202699999999e-03 3.8085301484006399e-03 3.8085249252617359e-03
3.7398950148156359e+01 4.9913166418944062e-02 4.9913026399999998e-02 4.9913281285497595e-02 4.9913074821233749e-02
4.7423747104822766e+01 1.2120430304295127e-02 1.2120650100000000e-02 1.2120666503178466e-02 1.2120353057980537e-02
2.9303899269430328e+01 1.6626207992712999e-01 1.6626271600000000e-01 1.6626267608163658e-01 1.6626301407814026e-01
3.7551589220583828e+01 4.8823371263704868e-02 4.8824317800000003e-02 4.8824147796213198e-02 4.8823423683643341e-02
3.1903407104250125e+01 1.1209658195219722e-01 1.1209721900000000e-01 1.1209687850757472e-01 1.1209654062986374e-01
3.0759453171142859e+01 1.3319201315290513e-01 1.3319332900000000e-01 1.3319331944490057e-01 1.3319279253482819e-01
8.2591755489911606e+01 1.1559370969656295e-04 1.1566079000000000e-04 1.1566159736769391e-04 1.1547541362233460e-04
9.3282378751161843e+01 2.9584852780501823e-05 2.9613367599999999e-05 2.9613165163523577e-05 2.9581002308987081e-05
9.2243801470023556e+01 3.3749947553377679e-05 3.3762295099999998e-05 3.3762099085107543e-05 3.3731968869687989e-05
6.8335383662811111e+01 7.3288549263779141e-04 7.3308002899999999e-04 7.3308149106909480e-04 7.3288602288812399e-04
5.8578408502425063e+01 2.6645708068528482e-03 2.6649420600000002e-03 2.6649226234977908e-03 2.6646084152162075e-03
8.2789233921490663e+01 1.1270300939100030e-04 1.1273793600000000e-04 1.1273700508961622e-04 1.1258279846515507e-04
4.2579884980240394e+01 2.3826097357220067e-02 2.3827048000000000e-02 2.3827051712431276e-02 2.3826124146580696e-02
4.1476234304747855e+01 2.7847193395427072e-02 2.7847904699999999e-02 2.7847940751118211e-02 2.7847304940223694e-02
4.9110285294652712e+01 9.6068257735205075e-03 9.6075888699999994e-03 9.6075057326514210e-03 9.6067162230610847e-03
2.4124082804090982e+01 3.7575860922669918e-01 3.7575975099999998e-01 3.7575923086470298e-01 3.7575691938400269e-01
2.9505569822110115e+01 1.6120396824253880e-01 1.6120573899999999e-01 1.6120508064040134e-01 1.6120496392250061e-01
1.6851904141774114e+01 1.3099591263922130e+00 1.3099644200000000e+00 1.3099568065083205e+00 1.3099607229232788e+00
3.7573088332581655e+01 4.8671873002438824e-02 4.8672661200000002e-02 4.8673015635335513e-02 4.8671953380107880e-02
2.7686763385698782e+01 2.1344960380420011e-01 2.1344913500000001e-01 2.1344982008080116e-01 2.1344949305057526e-01
3.7426058873525584e+01 4.9717787830759926e-02 4.9718063299999997e-02 4.9718495378781494e-02 4.9717757850885391e-02
2.1526051666568485e+01 5.7688602020852198e-01 5.7688486600000000e-01 5.7688568301907528e-01 5.7689112424850464e-01
2.7326461842456997e+01 2.2578901824197212e-01 2.2579029200000000e-01 2.2579019139082773e-01 2.2578826546669006e-01
1.9956068354204358e+01 7.5377047104922357e-01 7.5376844399999998e-01 7.5376986227043230e-01 7.5376915931701660e-01
1.2736857353331465e+02 4.1657785200919214e-07 4.1795365699999998e-07 4.1795406050686125e-07 4.1623172819527099e-07
1.2816620633510166e+02 3.7744755363762337e-07 3.7795794599999999e-07 3.7796039334339565e-07 3.7824798937435844e-07
1.0875849643376070e+02 4.2158502459976104e-06 4.2179062799999998e-06 4.2179210172516664e-06 4.2264077819709200e-06
8.0115339592551294e+01 1.5888871327018834e-04 1.5894255199999999e-04 1.5894292221527059e-04 1.5882620937190950e-04
6.9173974722065822e+01 6.5668183161566673e-04 6.5687118299999998e-04 6.5687261483280128e-04 6.5669557079672813e-04
8.5140130763513213e+01 8.3407131770190702e-05 8.3454484400000001e-05 8.3454745571630859e-05 8.3285609434824437e-05
1.1136075872163912e+02 3.0451481937223616e-06 3.0510218499999999e-06 3.0510235465064903e-06 3.0456574222625932e-06
9.8074847551850112e+01 1.6137522449711001e-05 1.6156333000000000e-05 1.6156334400759710e-05 1.6172232790268026e-05
1.2705408695969844e+02 4.3310349143113664e-07 4.3434488399999999e-07 4.3434618916900357e-07 4.3228607182754786e-07
1.2829033774643133e+02 3.7169894283171774e-07 3.7250217100000002e-07 3.7250252494868778e-07 3.7266374874889152e-07
7.5648286066853359e+01 2.8279491676980493e-04 2.8289045400000003e-04 2.8289124932182112e-04 2.8297895914874971e-04
8.6536196750687438e+01 6.9781405133822325e-05 6.9802787000000006e-05 6.9803191156535136e-05 6.9674024416599423e-05
8.3882792091761630e+01 9.7966427672987780e-05 9.8021068000000002e-05 9.8021563385483843e-05 9.7840624221134931e-05
1.1433701692692051e+02 2.1005687737301059e-06 2.1038749800000002e-06 2.1038723532190523e-06 2.0931217932229629e-06
1.2982693011432278e+02 3.0741052083114351e-07 3.0825697200000001e-07 3.0825546652424198e-07 3.1019172297419573e-07
1.2489481498127564e+02 5.6581376591246350e-07 5.6710035799999996e-07 5.6710225072077586e-07 5.6155960237447289e-07
7.6214326933363310e+01 2.6281945414211765e-04 2.6287642000000000e-04 2.6287786430367047e-04 2.6296824216842651e-04
8.5158297725330627e+01 8.3213608220247270e-05 8.3258208200000000e-05 8.3258397927632151e-05 8.3092134445905685e-05
6.2001519503672782e+01 1.6890136714807998e-03 1.6892025000000001e-03 1.6892128084154434e-03 1.6890091355890036e-03
1.1311701880302111e+02 2.4457093670690695e-06 2.4483531400000000e-06 2.4483383702744230e-06 2.4409876004938269e-06
1.2346618454636477e+02 6.7538532136947464e-07 6.7707617300000001e-07 6.7709013725731130e-07 6.6889685967908008e-07
1.2880959911790387e+02 3.4858927622571929e-07 3.4978342000000002e-07 3.4978642062489643e-07 3.5023145983359427e-07
1.4021305102374123e+02 8.5484022282941906e-08 8.5716763500000002e-08 8.5716954732890590e-08 8.5425156726159912e-08
1.9258166414719533e+01 8.5094753419999092e-01 8.5093426699999997e-01 8.5094560636218552e-01 8.5094308853149414e-01
2.6128680097621462e+01 2.7258620368728947e-01 2.7258354400000001e-01 2.7258589396242466e-01 2.7258530259132385e-01
1.8210638002494594e+01 1.0239767709219176e+00 1.0239639300000001e+00 1.0239743802259573e+00 1.0239646434783936e+00
3.3829884240366383e+01 8.4127645985590582e-02 8.4128305299999998e-02 8.4128832436987613e-02 8.4126845002174377e-02
2.6419288010597931e+01 2.6035182700786896e-01 2.6035097200000001e-01 2.6035123443472824e-01 2.6034966111183167e-01
4.2122180009363717e+01 2.5415561328775756e-02 2.5416396599999998e-02 2.5416520512168105e-02 2.5415655225515366e-02
7.4966075724536225e+01 3.0892301536021284e-04 3.0903072899999997e-04 3.0903076505542018e-04 3.0914982198737562e-04
7.5160661804383153e+01 3.0123094791038494e-04 3.0132345300000002e-04 3.0132660892502090e-04 3.0144400079734623e-04
9.2090352120991724e+01 3.4413585405375397e-05 3.4424036099999998e-05 3.4424290398824211e-05 3.4393371606711298e-05
7.2916289262143792e+01 4.0309111761676117e-04 4.0309288300000002e-04 4.0309497291077863e-04 4.0338424150831997e-04
7.3595160011438679e+01 3.6905625748195040e-04 3.6918953999999998e-04 3.6919160367470191e-04 3.6933858064003289e-04
7.8251393371172810e+01 2.0201264926604837e-04 2.0207461800000000e-04 2.0207779465003772e-04 2.0203515305183828e-04
4.8073039314103774e+01 1.1081210479382530e-02 1.1081928400000000e-02 1.1081878652959948e-02 1.1081167496740818e-02
5.8186134944753363e+01 2.8081369009984986e-03 2.8081494400000002e-03 2.8081484851822862e-03 2.8081510681658983e-03
4.2465114740052258e+01 2.4214764683912034e-02 2.4215551100000000e-02 2.4215509096032244e-02 2.4214796721935272e-02
4.5703296893355706e+01 1.5386048370964066e-02 1.5386239600000001e-02 1.5386172895951528e-02 1.5386089682579041e-02
4.8194997241642774e+01 1.0896444514704260e-02 1.0896452700000000e-02 1.0896478861186143e-02 1.0896297171711922e-02
5.3564232444994097e+01 5.2323054191375775e-03 5.2323844299999997e-03 5.2324207044001222e-03 5.2322898991405964e-03
7.5622750504841946e+01 2.8373142361980174e-04 2.8383213800000002e-04 2.8383568030332211e-04 2.8391848900355399e-04
7.5311717839597421e+01 2.9539343240009909e-04 2.9540853600000001e-04 2.9540844311681444e-04 2.9559747781604528e-04
8.7446347545914307e+01 6.2130426095662148e-05 6.2165221599999999e-05 6.2165464209923145e-05 6.2034749134909362e-05
7.6093562621259039e+01 2.6695791948853231e-04 2.6706542099999998e-04 2.6706551871960230e-04 2.6711242389865220e-04
7.4157263858875083e+01 3.4308524657678836e-04 3.4320083800000001e-04 3.4320339397477109e-04 3.4335034433752298e-04
7.4956377866893945e+01 3.0931153263884768e-04 3.0941632600000002e-04 3.0941593146363306e-04 3.0953940586186945e-04
1.8988046555188983e+01 8.9222067951239892e-01 8.9221608600000002e-01 8.9221850131543534e-01 8.9221739768981934e-01
2.1621872670033653e+01 5.6767146034985749e-01 5.6766813999999999e-01 5.6767047421784234e-01 5.6766980886459351e-01
2.7236304313704775e+01 2.2899406353132926e-01 2.2899277500000001e-01 2.2899328715214928e-01 2.2899200022220612e-01
6.6089336945681993e+01 9.8424384687562897e-04 9.8444358400000005e-04 9.8444642524907178e-04 9.8422437440603971e-04
7.1500177502511690e+01 4.8467667577085780e-04 4.8474213700000002e-04 4.8474286134828174e-04 4.8489414621144533e-04
6.8729321075321380e+01 6.9603093687573415e-04 6.9621513800000002e-04 6.9621654767500142e-04 6.9603661540895700e-04
7.8621353357193939e+00 9.2049777998977422e+00 9.2049465200000000e+00 9.2049432861718277e+00 9.2049446105957031e+00
3.4413261833426336e+00 4.4240787071782201e+01 4.4240894300000001e+01 4.4240577820436549e+01 4.4240890502929688e+01
1.0363049050463257e+01 4.9212032554597966e+00 4.9211845399999996e+00 4.9211841881702680e+00 4.9211874008178711e+00
4.5978477246299420e+01 1.4808450074876450e-02 1.4809318800000000e-02 1.4809242264017947e-02 1.4808448962867260e-02
5.7777300339651674e+01 2.9661620026353659e-03 2.9665804499999998e-03 2.9665534796569273e-03 2.9662097804248333e-03
4.1305036932571390e+01 2.8531098183843941e-02 2.8531428399999999e-02 2.8531377617166495e-02 2.8531203046441078e-02
1.1785556637523290e+02 1.3554512514902909e-06 1.3579099199999999e-06 1.3579007393817588e-06 1.3444080195768038e-06
9.8461454509658466e+01 1.5369228900736573e-05 1.5369148999999999e-05 1.5369130869278801e-05 1.5405128579004668e-05
1.1997229714363472e+02 1.0419076207246532e-06 1.0421454099999999e-06 1.0421451256686584e-06 1.0314239489161992e-06
1.2301272944720998e+02 7.1444035280781134e-07 7.1629932600000002e-07 7.1629985804295012e-07 7.0728606260672677e-07
1.0503738675040265e+02 6.7199936599249922e-06 6.7289574900000000e-06 6.7289579156527822e-06 6.7466585278452840e-06
1.1929470010731332e+02 1.1334124008630058e-06 1.1362473099999999e-06 1.1362432877423636e-06 1.1225509979340131e-06
4.4663240506587336e+01 1.7786766830253372e-02 1.7786957300000000e-02 1.7786916471835962e-02 1.7786571756005287e-02
4.9201638156405387e+01 9.4870107873546976e-03 9.4873197399999998e-03 9.4873051334672318e-03 9.4869174063205719e-03
5.4338637594564773e+01 4.7116400361742064e-03 4.7115771999999998e-03 4.7116231696779642e-03 4.7116260975599289e-03
9.9216838683071643e+01 1.3972696450680946e-05 1.3979448300000000e-05 1.3979515929017263e-05 1.4010318409418687e-05
9.4885749981575756e+01 2.4147429951022960e-05 2.4171369700000000e-05 2.4171548512980458e-05 2.4161583496606909e-05
1.0664125241709272e+02 5.4957330557193265e-06 5.4966658400000000e-06 5.4966627556737918e-06 5.5155737754830625e-06
1.2963697298402712e+02 3.1471008653455988e-07 3.1522293399999999e-07 3.1522287175650977e-07 3.1730243676975078e-07
1.4233138846722568e+02 6.5893050208705824e-08 6.5968684699999997e-08 6.5968940678263387e-08 6.6448556879095122e-08
1.3368043250706884e+02 1.9106090064926783e-07 1.9152102500000000e-07 1.9152198925403333e-07 1.9523616856531589e-07
4.9725784308895655e+01 8.8285411394733743e-03 8.8291605899999993e-03 8.8291588201576034e-03 8.8284732773900032e-03
6.0995643531589010e+01 1.9304271990795842e-03 1.9305843200000000e-03 1.9305857945559764e-03 1.9304293673485518e-03
5.3681414935320120e+01 5.1498955953077300e-03 5.1504280400000001e-03 5.1504254185372293e-03 5.1499083638191223e-03
1.3038658402310017e+02 2.8687772984422509e-07 2.8784757000000000e-07 2.8784817065917889e-07 2.9017820679655415e-07
7.8814339434264014e+01 1.8786882456923659e-04 1.8792005699999999e-04 1.8792052909023373e-04 1.8786147120408714e-04
9.1644053922131150e+01 3.6419458114770143e-05 3.6446384899999998e-05 3.6446441022169444e-05 3.6392535548657179e-05
8.6999654100884953e+01 6.5773524485975669e-05 6.5819876900000002e-05 6.5820156579368574e-05 6.5672204073052853e-05
1.3629183802104095e+02 1.3849027216862856e-07 1.3909100000000001e-07 1.3909145232882061e-07 1.4006107562636316e-07
1.0458615944936584e+02 7.1114990854410293e-06 7.1170466100000001e-06 7.1170585929489468e-06 7.1399945227312855e-06
9.8796163191922616e+01 1.4733874317259399e-05 1.4750781700000000e-05 1.4750827006415297e-05 1.4770662346563768e-05
1.0630660876338456e+02 5.7311378878689279e-06 5.7397974200000000e-06 5.7398109317114776e-06 5.7524439398548566e-06
5.8734155041009018e+01 2.6096631307483955e-03 2.6098447899999999e-03 2.6098542561064763e-03 2.6096864603459835e-03
7.3185964012964575e+01 3.8920625087243899e-04 3.8934327300000000e-04 3.8934413877130171e-04 3.8949912413954735e-04
6.1736000726730758e+01 1.7495895052593354e-03 1.7498997000000001e-03 1.7499018558825759e-03 1.7495844513177872e-03
5.1294090352776109e+01 7.1241682506777817e-03 7.1247797500000000e-03 7.1247866406330537e-03 7.1241375990211964e-03
4.6255436074519068e+01 1.4249595792513324e-02 1.4249735499999999e-02 1.4249764630275918e-02 1.4249531552195549e-02
4.2949551030360418e+01 2.2617406061380817e-02 2.2618107500000002e-02 2.2618103421413033e-02 2.2617494687438011e-02
1.1949849134148430e+02 1.1050734573948416e-06 1.1078371900000000e-06 1.1078376631118964e-06 1.0943030019916478e-06
1.2956719619826740e+02 3.1743492322565378e-07 3.1778571999999997e-07 3.1778713270753685e-07 3.1995011795515893e-07
1.0772387500716941e+02 4.7987463600277902e-06 4.8005335900000001e-06 4.8005444235904005e-06 4.8138081183424219e-06
1.1748519503127378e+02 1.4193535259545729e-06 1.4200882100000000e-06 1.4200874583829684e-06 1.4083969972489285e-06
1.0673280655420865e+02 5.4330409526092342e-06 5.4352089999999997e-06 5.4352180873809075e-06 5.4524734878214076e-06
1.3283791089437005e+02 2.1198123913392421e-07 2.1263503000000000e-07 2.1263694371450578e-07 2.1632862967635447e-07
1.3953546736275257e+02 9.2910798870099017e-08 9.3346102400000000e-08 9.3346505413553857e-08 9.2514611083061027e-08
1.1882203632175013e+02 1.2019838722629102e-06 1.2025102500000000e-06 1.2025185418073676e-06 1.1909426120837452e-06
1.3494846448891150e+02 1.6341431401057408e-07 1.6405699899999999e-07 1.6405791457623435e-07 1.6672788660798687e-07
1.4200476810190486e+02 6.8590356427061335e-08 6.8749116599999997e-08 6.8749691839495592e-08 6.9085686504877231e-08
1.3342444158002644e+02 1.9718814475045732e-07 1.9790775200000000e-07 1.9790900149312279e-07 2.0144550205714040e-07
6.4730277865771512e+01 1.1772280160453395e-03 1.1772476099999999e-03 1.1772578099001423e-03 1.1772053549066186e-03
6.7292885479115768e+01 8.4025599937129192e-04 8.4038870399999997e-04 8.4039273083684300e-04 8.4024789975956082e-04
7.8723055948649687e+01 1.9009240323901230e-04 1.9017411999999999e-04 1.9017541441578216e-04 1.9008936942555010e-04
8.5468678309883302e+01 7.9976400073727031e-05 8.0012396200000006e-05 8.0012493883086668e-05 7.9857440141495317e-05
8.4398584506954194e+01 9.1706585182980624e-05 9.1765417900000005e-05 9.1765707758978391e-05 9.1581299784593284e-05
1.0387429811413286e+02 7.7763511619341443e-06 7.7802487800000000e-06 7.7802719871988325e-06 7.8074799603200518e-06
8.0699944603326074e+01 1.4737994021175356e-04 1.4743729799999999e-04 1.4743874361964845e-04 1.4729757094755769e-04
7.3506328723247762e+01 3.7333891966905095e-04 3.7344766300000001e-04 3.7344954196151428e-04 3.7362700095400214e-04
8.1305149269141850e+01 1.3635125942554850e-04 1.3641502299999999e-04 1.3641575930640931e-04 1.3625394785776734e-04
1.3451994566579796e+02 1.7227627808271319e-07 1.7292590800000001e-07 1.7292591218236436e-07 1.7596325108115707e-07
1.2447776173478819e+02 5.9581286672951978e-07 5.9759162200000000e-07 5.9759805737077369e-07 5.9089251180921565e-07
1.1969641771749301e+02 1.0782316973455206e-06 1.0803247500000001e-06 1.0803321611263895e-06 1.0675653356884141e-06
1.0414193824096677e+02 7.5193459409742975e-06 7.5298662499999999e-06 7.5298489138375574e-06 7.5495408964343369e-06
9.4118581888943140e+01 2.6610588387381858e-05 2.6636229400000000e-05 2.6636084826126636e-05 2.6616726245265454e-05
1.1135360338040928e+02 3.0478707318023358e-06 3.0537635200000001e-06 3.0537667497962295e-06 3.0483940918202279e-06
1.0645698339830675e+02 5.6241272809201090e-06 5.6303228999999998e-06 5.6303462028274544e-06 5.6447497627232224e-06
1.2364349744335561e+02 6.6070356841322863e-07 6.6184026100000000e-07 6.6183999425697548e-07 6.5448227815068094e-07
1.0880094792224531e+02 4.1935168278127187e-06 4.1965727199999999e-06 4.1965460933384462e-06 4.2038573155878112e-06
1.3131302137860200e+02 2.5586913592167483e-07 2.5661233799999998e-07 2.5661207721258127e-07 2.5981660201068735e-07
1.1485223747113821e+02 1.9699330450684846e-06 1.9736523900000001e-06 1.9736422180439920e-06 1.9615740711742546e-06
1.2698189273440923e+02 4.3698914788209786e-07 4.3812357800000002e-07 4.3812075242299643e-07 4.3606101485238469e-07
1.3237948043613426e+02 2.2431524228880614e-07 2.2439539299999999e-07 2.2439471290362254e-07 2.2863791571126058e-07
1.2559705006361933e+02 5.1868858518057503e-07 5.1997653800000002e-07 5.1997348409602744e-07 5.1556719427026110e-07
1.3242586008151068e+02 2.2303532330068142e-07 2.2306174700000000e-07 2.2306143603293003e-07 2.2735883931090939e-07
1.2456787561568358e+02 5.8919838963609039e-07 5.9099329499999996e-07 5.9099312351637826e-07 5.8441884220883367e-07
1.1636171231583991e+02 1.6323261922464035e-06 1.6323574500000001e-06 1.6323523135894949e-06 1.6220491261265124e-06
9.7014304713850237e+01 1.8449665073156502e-05 1.8465172600000000e-05 1.8465228527284512e-05 1.8479746358934790e-05
1.0833539742728509e+02 4.4450839102667064e-06 4.4520629700000003e-06 4.4520788701063000e-06 4.4574676394404378e-06
1.0015514967310861e+02 1.2414441331652030e-05 1.2415763199999999e-05 1.2415812183661775e-05 1.2452778719307389e-05
1.3889949832590722e+02 1.0046970990590730e-07 1.0057526400000000e-07 1.0057501391115965e-07 9.9675318665504165e-08
1.3068588956584136e+02 2.7646774219159573e-07 2.7700494299999999e-07 2.7700428638870092e-07 2.8000562224406167e-07
9.0412853735099418e+01 4.2585828246202179e-05 4.2621009900000000e-05 4.2621013513875969e-05 4.2539340938674286e-05
1.0499257968210439e+02 6.7578804441800851e-06 6.7660621399999998e-06 6.7661231147237423e-06 6.7847799982700963e-06
7.6624357000991083e+01 2.4924605430834987e-04 2.4934418599999999e-04 2.4934499040123967e-04 2.4936674162745476e-04
1.3154703761285987e+02 2.4858374859630612e-07 2.4949736100000001e-07 2.4949803497714353e-07 2.5264870373575832e-07
1.2177802755556772e+02 8.3267421422444588e-07 8.3488259900000003e-07 8.3488278934065926e-07 8.2388953615009086e-07
9.1955273042665254e+01 3.5008653339996491e-05 3.5034365299999997e-05 3.5034390762059236e-05 3.4986413083970547e-05
7.8776544050704402e+01 1.8878627790422871e-04 1.8885299500000000e-04 1.8885347969577236e-04 1.8878113769460469e-04
1.0211529453194834e+02 9.7002066379085091e-06 9.7081219800000000e-06 9.7081722931202116e-06 9.7364718385506421e-06
1.0332786285734403e+02 8.3288569409912006e-06 8.3408576800000007e-06 8.3408748644481485e-06 8.3618133430718444e-06
1.0456905342009844e+02 7.1267844260703217e-06 7.1328390700000002e-06 7.1328724371057849e-06 7.1553827183379326e-06
9.3414086615962162e+01 2.9095060215606957e-05 2.9119671999999998e-05 2.9119733351598554e-05 2.9092980184941553e-05
1.0314380483007810e+02 8.5237203552937998e-06 8.5340534500000005e-06 8.5340768385542096e-06 8.5572346506523900e-06
1.2056171730635299e+02 9.6836681285073957e-07 9.7091117399999997e-07 9.7091332738756104e-07 9.5832660917949397e-07
9.0836428179466054e+01 4.0353818933282466e-05 4.0374092400000001e-05 4.0373919648582474e-05 4.0314240322913975e-05
1.2432037905582885e+02 6.0754436012995782e-07 6.0915755300000000e-07 6.0916007826389370e-07 6.0237090337977861e-07
1.1731133003347618e+02 1.4503872804041551e-06 1.4526601700000000e-06 1.4526593137252448e-06 1.4394923937288695e-06
1.3016561934078214e+02 2.9481472901845900e-07 2.9588338200000001e-07 2.9588419492982432e-07 2.9792556688335026e-07
1.3740620072828401e+02 1.2073534348318743e-07 1.2101926900000000e-07 1.2101894263356334e-07 1.2017464712243964e-07
1.3349892792673739e+02 1.9538521146766372e-07 1.9604823400000001e-07 1.9604698077109675e-07 1.9962399733230995e-07
1.3941631334735899e+02 9.4282226386773451e-08 9.4695295200000003e-08 9.4695548665171603e-08 9.3817632773607329e-08
7.8705472783288471e+01 1.9052375775205081e-04 1.9060962900000001e-04 1.9061049831113245e-04 1.9052196876145899e-04
6.8345061592633030e+01 7.3195679119198950e-04 7.3215772900000000e-04 7.3215757337736370e-04 7.3196104494854808e-04
8.4012675625050989e+01 9.6350596648009926e-05 9.6376599700000000e-05 9.6376952758358929e-05 9.6224670414812863e-05
1.3094964363371159e+02 2.6760904759954563e-07 2.6770663899999999e-07 2.6770899427376423e-07 2.7133825142300338e-07
1.1135839862278081e+02 3.0460459181224171e-06 3.0519147499999999e-06 3.0519244146839552e-06 3.0465582767646993e-06
1.4075457338133739e+02 7.9979139041043966e-08 8.0179084699999998e-08 8.0179489352631681e-08 8.0134796576203371e-08
7.8038877718196758e+01 2.0762773188763177e-04 2.0771750100000001e-04 2.0771932382126774e-04 2.0766205852851272e-04
6.5110525233554256e+01 1.1196544764298759e-03 1.1197206299999999e-03 1.1197175236006154e-03 1.1196348350495100e-03
7.6042615577369943e+01 2.6872352814843092e-04 2.6883662200000001e-04 2.6883725802192762e-04 2.6888179127126932e-04
9.5733230127145873e+01 2.1692360163225732e-05 2.1712920000000001e-05 2.1712981822218838e-05 2.1713769456255250e-05
1.0577878898916816e+02 6.1232269561076232e-06 6.1264331600000003e-06 6.1264140530101411e-06 6.1467585510399658e-06
1.1009028218260717e+02 3.5690300230555796e-06 3.5750826999999998e-06 3.5750655701921402e-06 3.5741588817472802e-06
1.0750988459519766e+02 4.9290787029891388e-06 4.9334821599999999e-06 4.9334677325975416e-06 4.9450427468400449e-06
1.1546642364382026e+02 1.8248275534753953e-06 1.8276806500000000e-06 1.8276797982485782e-06 1.8155375300921150e-06
9.0571806811439430e+01 4.1733999594349678e-05 4.1756156900000003e-05 4.1756215631212855e-05 4.1689880163175985e-05
1.3265695197251756e+02 2.1676642702386890e-07 2.1720467199999999e-07 2.1720592920880702e-07 2.2111392183887801e-07
1.3016696723579474e+02 2.9476565064479534e-07 2.9583392799999998e-07 2.9583405828122015e-07 2.9787085509269673e-07
1.0877923684447842e+02 4.2049239611660347e-06 4.2074721000000000e-06 4.2075157780562068e-06 4.2153942558798008e-06
9.5801217480255190e+01 2.1506656155295314e-05 2.1524006999999998e-05 2.1524204637645251e-05 2.1528665456571616e-05
1.0189368642006603e+02 9.9743795133442785e-06 9.9775206800000002e-06 9.9775560925722025e-06 1.0011104677687399e-05
1.4006584121024343e+02 8.7045167598908628e-08 8.7368242400000003e-08 8.7369744488718640e-08 8.6920266539891600e-08
1.4225273053724595e+02 6.6532734050625775e-08 6.6554676399999999e-08 6.6555600638333832e-08 6.7074815035539359e-08
1.2706471738783088e+02 4.3253427598223033e-07 4.3379071699999998e-07 4.3379573710995502e-07 4.3172732944185555e-07
1.4365936938024544e+02 5.5978806807416011e-08 5.6169788799999998e-08 5.6171219455778583e-08 5.6680164561839774e-08
1.3005189494729416e+02 2.9898525069003156e-07 3.0002863099999998e-07 3.0003388592489558e-07 3.0198594913599663e-07
1.3890422555235656e+02 1.0041130653321396e-07 1.0052070100000000e-07 1.0052206123155935e-07 9.9619910542969592e-08
1.2663577254755043e+02 4.5611002834072093e-07 4.5627953700000002e-07 4.5628161367534078e-07 4.5464597064892587e-07
1.4374351107304588e+02 5.5403604165170707e-08 5.5556522900000001e-08 5.5556536898761762e-08 5.6109861645836645e-08
1.3757511570279524e+02 1.1825110319222150e-07 1.1865677200000000e-07 1.1865823454392806e-07 1.1731548710258721e-07
1.3888848983683377e+02 1.0060584844543009e-07 1.0070131400000000e-07 1.0070169081890667e-07 9.9804310593754053e-08
1.2217169867268443e+02 7.9298378806559415e-07 7.9486801500000002e-07 7.9487427623930033e-07 7.8468082165272790e-07
1.1944840342194411e+02 1.1119719334731484e-06 1.1147975599999999e-06 1.1148178557828077e-06 1.1011643437086605e-06
1.0673968350842935e+02 5.4283610785533150e-06 5.4306847200000000e-06 5.4307741630144014e-06 5.4477495723403990e-06
1.1871854046069171e+02 1.2175463618587689e-06 1.2179697299999999e-06 1.2179964620031712e-06 1.2064958809787640e-06
1.3630201240427346e+02 1.3831685571182847e-07 1.3891970200000001e-07 1.3891904370724951e-07 1.3986959856993053e-07
1.1884879629494021e+02 1.1979926477736434e-06 1.1987510800000001e-06 1.1987648131379751e-06 1.1869844911416294e-06
1.2578814509293221e+02 5.0656120920546282e-07 5.0811644299999999e-07 5.0811460610195862e-07 5.0374063675917569e-07
1.2579134883227293e+02 5.0636033778781967e-07 5.0791243200000003e-07 5.0791589262211530e-07 5.0355799885437591e-07
1.0048305707558413e+02 1.1912166133496163e-05 1.1926157600000000e-05 1.1926229391861852e-05 1.1950571206398308e-05
1.1242376565521612e+02 2.6666823179030582e-06 2.6720235800000000e-06 2.6720862980584163e-06 2.6638190320227295e-06
1.0851963601033124e+02 4.3437618858688808e-06 4.3478944500000003e-06 4.3478991038653299e-06 4.3553027353482321e-06
1.1823698344843423e+02 1.2926630179616665e-06 1.2958132600000000e-06 1.2958261296287817e-06 1.2815811487598694e-06
1.3316855675980446e+02 2.0351001552083582e-07 2.0431981799999999e-07 2.0432011580120874e-07 2.0782400156349468e-07
1.2971939187120225e+02 3.1152180381691394e-07 3.1219863699999998e-07 3.1220006351027268e-07 3.1420432833328960e-07
1.3751005889979280e+02 1.1920176359810549e-07 1.1956571199999999e-07 1.1956673501426604e-07 1.1841574121262965e-07
1.3895958946406660e+02 9.9729834092770291e-08 9.9889874100000004e-08 9.9889757132462806e-08 9.8976300932918093e-08
1.0058139653727548e+02 1.1765559119490547e-05 1.1780959500000000e-05 1.1780785986304423e-05 1.1803832421719562e-05
1.0803699392733161e+02 4.6142592508654875e-06 4.6216650799999997e-06 4.6216483518590164e-06 4.6279224079626147e-06
1.1649193673063127e+02 1.6060795089031279e-06 1.6075129000000001e-06 1.6075020662432977e-06 1.5956851484588697e-06
1.2002467445856587e+02 1.0351514361930992e-06 1.0353650200000000e-06 1.0353608126350888e-06 1.0246858437312767e-06
1.4138801144082976e+02 7.3989541729944849e-08 7.4362866100000001e-08 7.4363964603130993e-08 7.4341301115055103e-08
1.1817326812578897e+02 1.3029446292127186e-06 1.3061423899999999e-06 1.3061693820023566e-06 1.2918434322273242e-06
4.5878190091952391e+01 1.5016324762582630e-02 1.5016640499999999e-02 1.5016703928760415e-02 1.5016311779618263e-02
4.7634142744667848e+01 1.1773158365287396e-02 1.1773632799999999e-02 1.1773626421708469e-02 1.1773030273616314e-02
5.4430362852008031e+01 4.6535771398161715e-03 4.6540442900000001e-03 4.6540773557391243e-03 4.6535986475646496e-03
2.6975805983608037e+01 2.3853013163682574e-01 2.3853123200000001e-01 2.3853106823236503e-01 2.3852862417697906e-01
2.2216070281029822e+01 5.1399828860085939e-01 5.1399993899999996e-01 5.1400096465195166e-01 5.1399958133697510e-01
3.5206919084589700e+01 6.8684265639782013e-02 6.8684935599999997e-02 6.8685384235855712e-02 6.8684153258800507e-02
7.0263976217541710e+00 1.1657585431928144e+01 1.1657603300000000e+01 1.1657644107767554e+01 1.1657612800598145e+01
2.8983089541461715e+00 5.9238469626902521e+01 5.9238784799999998e+01 5.9238839973603312e+01 5.9237907409667969e+01
9.4095437751616444e+00 6.1756919108073838e+00 6.1756439199999997e+00 6.1757199493902633e+00 6.1757073402404785e+00
7.1947221509224178e+01 4.5725887390135627e-04 4.5732458200000001e-04 4.5732558492568993e-04 4.5751922880299389e-04
6.9667577242116806e+01 6.1563364714261627e-04 6.1580148800000002e-04 6.1580551075176562e-04 6.1543169431388378e-04
7.0923733283941445e+01 5.2250442775426985e-04 5.2266730899999995e-04 5.2267167447759796e-04 5.2264227997511625e-04
5.5716911027348615e+01 3.9119831855722216e-03 3.9123306099999996e-03 3.9123486246293963e-03 3.9120214059948921e-03
6.7502406124787910e+01 8.1746520183994240e-04 8.1765354799999998e-04 8.1766224460721733e-04 8.1745587522163987e-04
5.5705006944047213e+01 3.9182607818742258e-03 3.9185588200000001e-03 3.9185773515956011e-03 3.9182910695672035e-03
3.2622305050079426e+01 1.0066310690766424e-01 1.0066348300000000e-01 1.0066426419344821e-01 1.0066200047731400e-01
3.4746757102443482e+01 7.3485585870447137e-02 7.3487073200000003e-02 7.3487355832560317e-02 7.3485665023326874e-02
2.9333783605571966e+01 1.6550206849558763e-01 1.6550417200000000e-01 1.6550404249784501e-01 1.6550251841545105e-01
9.7812688526973005e+01 1.6680398666420303e-05 1.6693682500000001e-05 1.6693796084965653e-05 1.6714195226086304e-05
1.0785325489770462e+02 4.7216338489107660e-06 4.7265602900000004e-06 4.7265208422543890e-06 4.7360990720335394e-06
8.4682949870111372e+01 8.8429681918543974e-05 8.8438864600000002e-05 8.8438590194451507e-05 8.8305117969866842e-05
1.8030920382288947e+01 1.0574390073084279e+00 1.0574395700000001e+00 1.0574426861889825e+00 1.0574320554733276e+00
2.4996036528843447e+01 3.2648318334860937e-01 3.2648348799999999e-01 3.2648513624575271e-01 3.2648178935050964e-01
2.2591256828100622e+01 4.8297140302819280e-01 4.8296943300000000e-01 4.8297297846637066e-01 4.8297238349914551e-01
5.4393696421414589e+01 4.6766991858139435e-03 4.6770656500000002e-03 4.6770791198913544e-03 4.6767387539148331e-03
6.7980612610990107e+01 7.6776703228667099e-04 7.6797226200000005e-04 7.6798079994827909e-04 7.6776446076110005e-04
5.3825229441485966e+01 5.0505652114037269e-03 5.0506116799999999e-03 5.0506533208700445e-03 5.0505711697041988e-03
9.0530118675396878e+01 4.1955730178877276e-05 4.1982959400000002e-05 4.1983147159387684e-05 4.1911094740498811e-05
9.3551286725911865e+01 2.8593529343249262e-05 2.8607402800000002e-05 2.8607385825845386e-05 2.8592834496521391e-05
9.9417652789471845e+01 1.3623426168634333e-05 1.3630585300000000e-05 1.3630773363073940e-05 1.3661221601068974e-05
5.2060373700986567e+01 6.4177985974576942e-03 6.4182863599999999e-03 6.4183296107341390e-03 6.4177801832556725e-03
4.7031731933626531e+01 1.2795795015797489e-02 1.2796030400000000e-02 1.2796042328577282e-02 1.2795639224350452e-02
6.4566064415926874e+01 1.2030124211856814e-03 1.2032834300000001e-03 1.2032812547453898e-03 1.2029891368001699e-03
1.1852340104579473e+02 1.2474420794893373e-06 1.2494574500000001e-06 1.2494548077154749e-06 1.2363652786007151e-06
1.2465616909683939e+02 5.8278907245398744e-07 5.8453201699999997e-07 5.8453155361159683e-07 5.7815583431874984e-07
1.0060635253852639e+02 1.1728643912998512e-05 1.1743903099999999e-05 1.1743910156908856e-05 1.1766913303290494e-05
1.1704636511938854e+02 1.4989984712977613e-06 1.5024946800000000e-06 1.5024966382547734e-06 1.4882261893944815e-06
1.0240242677684651e+02 9.3562154933935083e-06 9.3692897299999992e-06 9.3692738708277287e-06 9.3917969934409484e-06
1.2456783179378455e+02 5.8920158822909917e-07 5.9099630799999999e-07 5.9099771566161331e-07 5.8442469708097633e-07
7.6186142584674371e+01 2.6377946111325561e-04 2.6385660699999999e-04 2.6385583758692675e-04 2.6392858126200736e-04
9.3186332795321107e+01 2.9947257957906890e-05 2.9974082300000000e-05 2.9974163382724252e-05 2.9942260880488902e-05
7.7314926192950892e+01 2.2796767354965155e-04 2.2796883400000000e-04 2.2796899451361558e-04 2.2804431500844657e-04
1.2804936193146978e+02 3.8294025226178662e-07 3.8310540199999999e-07 3.8310937926546660e-07 3.8357265452759748e-07
1.3521064436351344e+02 1.5821944750987040e-07 1.5865973100000000e-07 1.5866153160738630e-07 1.6126624302614800e-07
1.3072823018264526e+02 2.7502605960741738e-07 2.7547275700000001e-07 2.7547722818705815e-07 2.7859277906827629e-07
1.4279228904335878e+02 6.2266883567751332e-08 6.2547449899999994e-08 6.2547780199072232e-08 6.2889547791655787e-08
1.3710635253813430e+02 1.2527496356543620e-07 1.2532694899999999e-07 1.2532664186562436e-07 1.2534906090877485e-07
1.3310106987841917e+02 2.0521098879603667e-07 2.0601369500000001e-07 2.0601371657205655e-07 2.0953359580744291e-07
1.2426868274359288e+02 6.1144827054287968e-07 6.1296265100000004e-07 6.1296924214768858e-07 6.0619277064688504e-07
1.3452439607211031e+02 1.7218180645707532e-07 1.7283311100000000e-07 1.7283510954053177e-07 1.7586805256541993e-07
1.2340610703705637e+02 6.8043379743890597e-07 6.8227632299999999e-07 6.8227791725636358e-07 6.7385349211690482e-07
8.9507063510887249e+01 4.7785655545983786e-05 4.7817364199999999e-05 4.7818024803827424e-05 4.7723759053042158e-05
1.0655104647590579e+02 5.5582137253023130e-06 5.5620571399999996e-06 5.5620827846899819e-06 5.5784239521017298e-06
7.8584812102258269e+01 1.9351064179024981e-04 1.9360092100000000e-04 1.9360201155358385e-04 1.9351483206264675e-04
1.3486333602434743e+02 1.6513761638346414e-07 1.6581645900000000e-07 1.6581678079730664e-07 1.6853670103955665e-07
1.2700546480683681e+02 4.3571661141469672e-07 4.3688450500000002e-07 4.3689165935716703e-07 4.3482953060447471e-07
8.6260189865523870e+01 7.2284413979097978e-05 7.2334405600000000e-05 7.2334592361741610e-05 7.2172726504504681e-05
7.1314941201305629e+01 4.9651990881281792e-04 4.9668538800000004e-04 4.9668205200219316e-04 4.9671746091917157e-04
9.7921506590089891e+01 1.6452861453572424e-05 1.6470241500000000e-05 1.6470284815654517e-05 1.6486792446812615e-05
1.0896152664482985e+02 4.1101085102769082e-06 4.1158018600000000e-06 4.1158653910724012e-06 4.1198109101969749e-06
1.0527524768039353e+02 6.5224188471651654e-06 6.5322778900000002e-06 6.5323775468217583e-06 6.5481031015224289e-06
1.0079440594748495e+02 1.1454196820375994e-05 1.1466630899999999e-05 1.1466704229032888e-05 1.1492359590192791e-05
1.2658464711007034e+02 4.5900473640939871e-07 4.5904272399999999e-07 4.5904259687247015e-07 4.5745815668851719e-07
1.3294410272419984e+02 2.0922268020308673e-07 2.0995878500000000e-07 2.0996043038215359e-07 2.1356196100441593e-07
1.1592972276604722e+02 1.7225204137582421e-06 1.7262109400000000e-06 1.7262231032584191e-06 1.7126593547800439e-06
1.2978910333241285e+02 3.0885042373749805e-07 3.0963872199999998e-07 3.0964075251067753e-07 3.1159288482740521e-07
1.1331825054759965e+02 2.3850837875521367e-06 2.3894672300000001e-06 2.3894961675411354e-06 2.3798372694727732e-06
1.3512627273982545e+02 1.5987285040712917e-07 1.6039653900000000e-07 1.6039516194500343e-07 1.6300656113799050e-07
1.1547410325919361e+02 1.8230829048164205e-06 1.8260245699999999e-06 1.8260059760650236e-06 1.8137807273888029e-06
1.0051129241014334e+02 1.1869884952104909e-05 1.1884380000000000e-05 1.1884396386763719e-05 1.1908075975952670e-05
1.1861505363093224e+02 1.2333099559175164e-06 1.2346841900000000e-06 1.2346659271485742e-06 1.2222316172483261e-06
5.5011050514534396e+01 4.3025566153064793e-03 4.3030232200000004e-03 4.3030716058563472e-03 4.3025617487728596e-03
6.6923206953490322e+01 8.8205169559048334e-04 8.8215631000000000e-04 8.8216465775032735e-04 8.8204257190227509e-04
5.3895309802972712e+01 5.0028729063876761e-03 5.0033084099999998e-03 5.0033115096421452e-03 5.0028515979647636e-03
7.5079366140432313e+01 3.0442075480457379e-04 3.0454457699999999e-04 3.0454392140348910e-04 3.0463855364359915e-04
6.7614126290508338e+01 8.0557000116384520e-04 8.0576114099999998e-04 8.0577734344228723e-04 8.0555776366963983e-04
9.1807603993561628e+01 3.5671058493547514e-05 3.5703014900000003e-05 3.5703407802304688e-05 3.5646680771606043e-05
6.3284173759568766e+01 1.4250532238481576e-03 1.4250873400000000e-03 1.4251004068157418e-03 1.4250362291932106e-03
5.1244447147198471e+01 7.1725855780155898e-03 7.1729440199999996e-03 7.1730172817464155e-03 7.1725118905305862e-03
6.7171826371637124e+01 8.5371696467773442e-04 8.5393065800000000e-04 8.5394292102972276e-04 8.5370225133374333e-04
3.7994785398631151e+01 4.5797004611781711e-02 4.5797571500000002e-02 4.5797928208755639e-02 4.5797087252140045e-02
2.7674762608998112e+01 2.1384883275729724e-01 2.1384850100000000e-01 2.1385070681707422e-01 2.1384842693805695e-01
4.2905238700988285e+01 2.2758893702529932e-02 2.2759635000000000e-02 2.2759981259837629e-02 2.2758867591619492e-02
1.1876384992087395e+02 1.2107084941662817e-06 1.2107236700000000e-06 1.2107185697994933e-06 1.1996630746580195e-06
1.0434251607464802e+02 7.3323558588745633e-06 7.3429760099999998e-06 7.3430407348956310e-06 7.3617343332443852e-06
1.2873587168684330e+02 3.5178047473248801e-07 3.5299913699999999e-07 3.5300300065323327e-07 3.5332627135176153e-07
9.6771240794287635e+01 1.9024969375480768e-05 1.9028302600000001e-05 1.9028645733755856e-05 1.9053437426919118e-05
9.1490159056011379e+01 3.7138125210300552e-05 3.7148456600000001e-05 3.7148360499015416e-05 3.7108828109921888e-05
1.0181461483994175e+02 1.0074083562695565e-05 1.0081131200000000e-05 1.0081118393873727e-05 1.0110808034369256e-05
1.7304575759839921e+01 1.2057456140650016e+00 1.2057464099999999e+00 1.2057503155662375e+00 1.2057492733001709e+00
2.1242190098144349e+01 6.0515705745874626e-01 6.0516053400000003e-01 6.0516077494030973e-01 6.0515666007995605e-01
1.1001377463029241e+01 4.2542396967043201e+00 4.2542591099999996e+00 4.2542538426732994e+00 4.2542424201965332e+00
6.1689593140357708e+01 1.7604015700733277e-03 1.7606486800000000e-03 1.7606517064480346e-03 1.7603978049010038e-03
7.2041977646845439e+01 4.5165207241397237e-04 4.5170242100000000e-04 4.5170413122110932e-04 4.5191615936346352e-04
4.9446776481242466e+01 9.1730059753450301e-03 9.1729601800000001e-03 9.1730709801506258e-03 9.1728903353214264e-03
2.9269231434983890e+01 1.6714837581398440e-01 1.6714851600000000e-01 1.6714998735819966e-01 1.6714920103549957e-01
2.5059997170507092e+01 3.2315310945385139e-01 3.2315158799999999e-01 3.2315433294002766e-01 3.2315096259117126e-01
2.3323834163490975e+01 4.2809339723689421e-01 4.2809349299999999e-01 4.2809431378199436e-01 4.2809203267097473e-01
5.1308873906508502e+01 7.1098144634186670e-03 7.1103591500000004e-03 7.1104434660775803e-03 7.1097826585173607e-03
4.1046016394473824e+01 2.9599015237233673e-02 2.9599687100000001e-02 2.9599973456748294e-02 2.9599132016301155e-02
5.6049169646121271e+01 3.7408441355987598e-03 3.7413029900000001e-03 3.7413169272018285e-03 3.7408391945064068e-03
9.6334946799054336e+01 2.0103340830575104e-05 2.0124403800000001e-05 2.0124626185025746e-05 2.0129122276557609e-05
1.0654782132648911e+02 5.5604607915418369e-06 5.5643536099999997e-06 5.5643981286880555e-06 5.5806372074584942e-06
1.0209897224864034e+02 9.7201391748612550e-06 9.7274296399999993e-06 9.7275101766362413e-06 9.7563051895122044e-06
7.4824043146904941e+01 3.1466281088898758e-04 3.1467634800000003e-04 3.1468199715243065e-04 3.1489483080804348e-04
6.1924359496910306e+01 1.7063940116433945e-03 1.7064330200000000e-03 1.7064400276360272e-03 1.7063628183677793e-03
8.1076376640126625e+01 1.4041868379975549e-04 1.4044230899999999e-04 1.4044420525095630e-04 1.4032509352546185e-04
3.0881676227710109e+01 1.3075080469314040e-01 1.3075037300000000e-01 1.3075101174735354e-01 1.3075089454650879e-01
3.1086655454417013e+01 1.2676194095161919e-01 1.2676228600000000e-01 1.2676360866231565e-01 1.2676258385181427e-01
3.8413843308527383e+01 4.3114440402094639e-02 4.3114729200000000e-02 4.3114890080282929e-02 4.3114297091960907e-02
1.1445015231818925e+02 2.0711561460135264e-06 2.0751965599999999e-06 2.0751809909553853e-06 2.0634615793824196e-06
1.1500487606345084e+02 1.9328224024236712e-06 1.9352510200000001e-06 1.9352904997610856e-06 1.9241726931795711e-06
1.1274798947725127e+02 2.5609426956485476e-06 2.5640170000000002e-06 2.5640356580886868e-06 2.5571798687451519e-06
7.6297224903690505e+01 2.6001623628439218e-04 2.6002290500000001e-04 2.6002174171574794e-04 2.6015832554548979e-04
6.5160765120058926e+01 1.1122643960129197e-03 1.1124403700000000e-03 1.1124340965242496e-03 1.1122456053271890e-03
8.5656184436638696e+01 7.8082627007540115e-05 7.8136414199999994e-05 7.8136191309365727e-05 7.7965269156266004e-05
1.2024351277319465e+02 1.0073962050547253e-06 1.0090375300000000e-06 1.0090296646736057e-06 9.9710393897112226e-07
1.1581109323789558e+02 1.7481541654882005e-06 1.7521525700000000e-06 1.7521347344802820e-06 1.7384363673045300e-06
1.2111874628740830e+02 9.0366544281833370e-07 9.0469342199999996e-07 9.0468576952999554e-07 8.9415084403299261e-07
1.1145128186038501e+02 3.0109154329581992e-06 3.0164062500000001e-06 3.0164138514660663e-06 3.0111220894468715e-06
1.0888323817650931e+02 4.1505628417252363e-06 4.1552148099999998e-06 4.1551908558928524e-06 4.1605885598983150e-06
1.2791596321713060e+02 3.8930935331688659e-07 3.8961525200000000e-07 3.8961528889975807e-07 3.8975531424512155e-07
1.3934295692511421e+02 9.5136622203233094e-08 9.5527603600000006e-08 9.5528341617531540e-08 9.4629115210409509e-08
1.1283212041248294e+02 2.5342005588161661e-06 2.5361089199999999e-06 2.5361056317717732e-06 2.5302283575001638e-06
1.2632334752971016e+02 4.7409012771100995e-07 4.7507148799999998e-07 4.7507345160091609e-07 4.7212881781888427e-07
9.7142254161984710e+01 1.8153895666981219e-05 1.8173590400000001e-05 1.8173710889436768e-05 1.8184615328209475e-05
1.3640959711041722e+02 1.3649642100807871e-07 1.3709117800000000e-07 1.3709216262706230e-07 1.3786680597149825e-07
1.4311634284424574e+02 5.9837898215433840e-08 6.0155528600000005e-08 6.0155776793804531e-08 6.0496958553812874e-08
1.3141121193397166e+02 2.5278652185504959e-07 2.5362487600000002e-07 2.5362600794079684e-07 2.5678292558950488e-07
1.2140671489516639e+02 8.7193814046575540e-07 8.7287099899999998e-07 8.7287020352019983e-07 8.6273291799443541e-07
1.2741770741455852e+02 4.1405378245770271e-07 4.1539843200000000e-07 4.1540351092921161e-07 4.1378171999895130e-07
1.3750098122603237e+02 1.1933502205435297e-07 1.1969385100000000e-07 1.1969292736300064e-07 1.1856720760761164e-07
8.1429750965231889e+01 1.3418619124983474e-04 1.3426257600000001e-04 1.3426136066218747e-04 1.3408617815002799e-04
8.6347293451052991e+01 7.1484870511166049e-05 7.1535207100000003e-05 7.1534255354939284e-05 7.1374844992533326e-05
9.2586551127165308e+01 3.2313822518546261e-05 3.2343552400000002e-05 3.2343436422175415e-05 3.2300635211868212e-05
1.4080666608466765e+02 7.9468717639471720e-08 7.9699106000000005e-08 7.9699709698225004e-08 7.9642653361133853e-08
1.3978026106735729e+02 9.0155783519570417e-08 9.0582503299999993e-08 9.0582515363174295e-08 8.9891805998831842e-08
1.0303296579281044e+02 8.6432731735370662e-06 8.6508007400000008e-06 8.6508203412867336e-06 8.6771669884910807e-06
1.1577897503324317e+02 1.7551600665114685e-06 1.7591456799999999e-06 1.7591602116247262e-06 1.7454784710935201e-06
8.6761097272175732e+01 6.7806637704296332e-05 6.7839420800000001e-05 6.7840286341863876e-05 6.7701657826546580e-05
1.1031087699823875e+02 3.4719650717842864e-06 3.4783620300000001e-06 3.4783907461395526e-06 3.4762258565024240e-06
1.2642939924536060e+02 4.6790840312065173e-07 4.6855836900000002e-07 4.6856039559749631e-07 4.6612538540102832e-07
1.0407807187011706e+02 7.5798873143841697e-06 7.5893831300000001e-06 7.5895131319487889e-06 7.6102774073660839e-06
1.0221732989511153e+02 9.5765315650730623e-06 9.5874911500000004e-06 9.5875339497140500e-06 9.6125204436248168e-06
9.2380120031699192e+01 3.3171222094331009e-05 3.3196571199999997e-05 3.3196709478963303e-05 3.3155090932268649e-05
9.1885370207839415e+01 3.5320659733169517e-05 3.5350560200000000e-05 3.5350746326392274e-05 3.5297227441333234e-05
1.1686186145314862e+02 1.5338119729789702e-06 1.5373359500000001e-06 1.5373203469560080e-06 1.5231667020998430e-06
1.3842376323885634e+02 1.0652506690385857e-07 1.0687594500000000e-07 1.0687706192481578e-07 1.0537305428215404e-07
1.1371914717199536e+02 2.2687699023922039e-06 2.2729000199999999e-06 2.2728688837810044e-06 2.2625865767622599e-06
1.1617436811460712e+02 1.6708434416263206e-06 1.6729706000000000e-06 1.6729744100105274e-06 1.6607376664978801e-06
1.2787485560902743e+02 3.9129339054200640e-07 3.9173252699999998e-07 3.9173347550583826e-07 3.9167969134723535e-07
9.9020506854363262e+01 1.4322886917041347e-05 1.4338495000000000e-05 1.4338646135587372e-05 1.4359954548126552e-05
1.3323984626113059e+02 2.0172856941328110e-07 2.0253104099999999e-07 2.0253053990781801e-07 2.0603569339527894e-07
1.2727231639609549e+02 4.2156758122087665e-07 4.2296528599999998e-07 4.2296103099293940e-07 4.2108467823709361e-07
1.3936866348818074e+02 9.4836332304337194e-08 9.5235385799999999e-08 9.5236102711895967e-08 9.4343640455463174e-08
1.4105764628731234e+02 7.7054972307034688e-08 7.7390481600000001e-08 7.7390273968764848e-08 7.7310851054335217e-08
9.7525176179497095e+01 1.7296949742375079e-05 1.7305430400000001e-05 1.7305620726147025e-05 1.7329613910987973e-05
8.2304870696047431e+01 1.1992707483030778e-04 1.1993554700000001e-04 1.1993531467984521e-04 1.1981159332208335e-04
1.1135141450592391e+02 3.0487040661357360e-06 3.0545966200000000e-06 3.0545965642898282e-06 3.0492251426039729e-06
1.4280930824624386e+02 6.2136886664064996e-08 6.2421165099999998e-08 6.2421380123036951e-08 6.2761365882124664e-08
1.3708139906389960e+02 1.2566038754141145e-07 1.2574564300000000e-07 1.2574486009300863e-07 1.2578435359955620e-07
7.9305950697862102e+01 1.7633772096765294e-04 1.7640648000000000e-04 1.7640605570425503e-04 1.7630653746891767e-04
9.4162294322800136e+01 2.6463670007336112e-05 2.6487763500000001e-05 2.6487501333434892e-05 2.6470283046364784e-05
8.1253733643905505e+01 1.3725490431389640e-04 1.3730707000000000e-04 1.3730671919301028e-04 1.3715887325815856e-04
2.7485034149216609e+01 2.2026723840076740e-01 2.2026634200000000e-01 2.2026896989987976e-01 2.2026677429676056e-01
1.9521100023515917e+01 8.1279666705930820e-01 8.1279689099999997e-01 8.1280095997544843e-01 8.1279724836349487e-01
3.4500584978946172e+01 7.6196848344302931e-02 7.6197057999999998e-02 7.6197697350260982e-02 7.6197192072868347e-02
9.3448366030209883e+01 2.8968928138711450e-05 2.8991384200000001e-05 2.8991763905845014e-05 2.8967166144866496e-05
1.0824643170019816e+02 4.4948583913437297e-06 4.5024517000000002e-06 4.5025562479706846e-06 4.5075898924551439e-06
9.5188896825972478e+01 2.3238629397356777e-05 2.3240636400000001e-05 2.3240968884403681e-05 2.3255421183421277e-05
2.0273039756549011e+01 7.1373883736610977e-01 7.1373039500000002e-01 7.1374069726062894e-01 7.1374303102493286e-01
1.3578318635214053e+01 2.4598956652932356e+00 2.4599044299999999e+00 2.4598974601922525e+00 2.4598865509033203e+00
1.9786173128768738e+01 7.7624233459396286e-01 7.7624320999999996e-01 7.7624510526415624e-01 7.7624207735061646e-01
5.5357944851954301e+01 4.1058714105818373e-03 4.1060303299999996e-03 4.1060578279665970e-03 4.1059036739170551e-03
6.3922268956459995e+01 1.3097548856130065e-03 1.3099520000000001e-03 1.3099504619370019e-03 1.3097327901050448e-03
5.1079328831819439e+01 7.3360621756850949e-03 7.3366449199999996e-03 7.3367131864697007e-03 7.3360390961170197e-03
9.5563305165195402e+01 2.2163596745276397e-05 2.2186441099999999e-05 2.2186811864340543e-05 2.2183694454724900e-05
8.4523041386462097e+01 9.0257578362976882e-05 9.0306755699999999e-05 9.0306725601107870e-05 9.0133078629150987e-05
9.7306913015975496e+01 1.7780283647111796e-05 1.7799577100000000e-05 1.7799605986550090e-05 1.7811715224524960e-05
3.5448686738210526e+01 6.6294005247653498e-02 6.6294528500000005e-02 6.6294144143894590e-02 6.6293671727180481e-02
4.1936453062963835e+01 2.6091386030403101e-02 2.6092020800000001e-02 2.6092257277477736e-02 2.6091564446687698e-02
2.6415383373959333e+01 2.6051226165818114e-01 2.6051291799999998e-01 2.6051302317794300e-01 2.6051077246665955e-01
1.1030226442225353e+02 3.4757044590890780e-06 3.4821662200000002e-06 3.4821480677278445e-06 3.4800298180925893e-06
1.0572181332880275e+02 6.1671333607796139e-06 6.1683235800000003e-06 6.1684016328669180e-06 6.1909831856610253e-06
1.3102941042519771e+02 2.6498647471018409e-07 2.6526623700000000e-07 2.6526856424385027e-07 2.6876608671955182e-07
1.3904277863257053e+02 9.8714578600218557e-08 9.8941001200000006e-08 9.8941326805188517e-08 9.8017800098659791e-08
9.0692822504287761e+01 4.1097011201616244e-05 4.1100021899999998e-05 4.1100291540570110e-05 4.1054947359953076e-05
1.0763751596023701e+02 4.8509215070803519e-06 4.8518009000000002e-06 4.8517966161692044e-06 4.8663896450307220e-06
9.5492485713769128e+01 2.2363025601180202e-05 2.2384829199999999e-05 2.2384790270317991e-05 2.2382755560101941e-05
6.3464789864607447e+01 1.3914087679899384e-03 1.3916905700000000e-03 1.3917012587047737e-03 1.3913862640038133e-03
5.3188238554937584e+01 5.5059365546511517e-03 5.5064544999999998e-03 5.5064971246597304e-03 5.5059613659977913e-03
6.8843570338063529e+01 6.8569797218574844e-04 6.8587786500000001e-04 6.8587628530765291e-04 6.8570458097383380e-04
9.9363168127515848e+01 1.3717311534971081e-05 1.3720996300000000e-05 1.3721225730640651e-05 1.3754983228864148e-05
9.9908912784211012e+01 1.2805588661803463e-05 1.2819382400000000e-05 1.2819521826608053e-05 1.2843821423302870e-05
1.1453498246244246e+02 2.0493741286810560e-06 2.0537020200000000e-06 2.0537102517974916e-06 2.0415618564584292e-06
1.0110409183102924e+02 1.1016252711667657e-05 1.1019409600000001e-05 1.1019386020600429e-05 1.1054099559260067e-05
9.4599229014273220e+01 2.5039288054680130e-05 2.5056464400000001e-05 2.5056766652609542e-05 2.5050305339391343e-05
9.3055749889836306e+01 3.0447166808597857e-05 3.0465313099999998e-05 3.0465741914020759e-05 3.0440061891567893e-05
5.8652660177841383e+01 2.6382485405589437e-03 2.6386601400000000e-03 2.6386465382927421e-03 2.6382734067738056e-03
7.0674003796155176e+01 5.3980787446809668e-04 5.3980766099999996e-04 5.3981153111563548e-04 5.3989607840776443e-04
4.7777462768806494e+01 1.1542460144725920e-02 1.1542855800000000e-02 1.1542829203274020e-02 1.1542315594851971e-02
5.8818428761320455e+01 2.5804345150418611e-03 2.5806254699999999e-03 2.5806383779474903e-03 2.5804664473980665e-03
6.9115892749179665e+01 6.6169092818713581e-04 6.6185562200000005e-04 6.6186230359205865e-04 6.6170387435704470e-04
5.5461694193741273e+01 4.0488470117389973e-03 4.0492224499999998e-03 4.0492651153321525e-03 4.0488648228347301e-03
1.4217678119145864e+02 6.7156303181880417e-08 6.7193127499999998e-08 6.7193594151662912e-08 6.7685441251796874e-08
1.4238683978644048e+02 6.5445805931376872e-08 6.5555845200000005e-08 6.5556454121548183e-08 6.6010471755362232e-08
1.3612818605490571e+02 1.4130980262821949e-07 1.4187655499999999e-07 1.4187732742645199e-07 1.4314167628981522e-07
1.4195406093469552e+02 6.9018931631271744e-08 6.9209967499999997e-08 6.9209975496586007e-08 6.9504004329701274e-08
1.1981105701211102e+02 1.0629855148199605e-06 1.0644348499999999e-06 1.0644501714696551e-06 1.0523814353291527e-06
1.1960060663754305e+02 1.0911423006985080e-06 1.0936347500000001e-06 1.0936354191429513e-06 1.0804222938531893e-06
1.1237588059556482e+02 2.6826669207974803e-06 2.6880768499999998e-06 2.6880718666371186e-06 2.6799684746947605e-06
1.0476380045207900e+02 6.9547021520077561e-06 6.9561861000000004e-06 6.9562209966722874e-06 6.9824673119001091e-06
1.4303199624655517e+02 6.0460822485049663e-08 6.0777089999999998e-08 6.0777141467242509e-08 6.1110895899219031e-08
1.3947904481980495e+02 9.3557692163522335e-08 9.3985100600000006e-08 9.3985618957989852e-08 9.3130132938767929e-08
1.2573493783499364e+02 5.0990898025820513e-07 5.1140932600000004e-07 5.1140863512090185e-07 5.0700435849648784e-07
8.4580387540880764e+01 8.9597715661457046e-05 8.9635301299999996e-05 8.9635206329761468e-05 8.9472530817147344e-05
8.3014408936569652e+01 1.0949581399112482e-04 1.0954139000000000e-04 1.0954160815518879e-04 1.0937259503407404e-04
8.1383522696796533e+01 1.3498536881241904e-04 1.3505967200000001e-04 1.3505923968586478e-04 1.3488456897903234e-04
9.0306112274829658e+01 4.3167672303916533e-05 4.3203035599999998e-05 4.3203221008521996e-05 4.3118852772749960e-05
9.3968886103665653e+01 2.7119973911392913e-05 2.7145617399999999e-05 2.7145629783707703e-05 2.7124202460981905e-05
8.3362503297233772e+01 1.0471817147446353e-04 1.0475781899999999e-04 1.0475806702051754e-04 1.0459261829964817e-04
7.9390676272671868e+01 1.7442390553021626e-04 1.7445482099999999e-04 1.7445721742469325e-04 1.7438850773032755e-04
7.9815580319309674e+01 1.6513785261610810e-04 1.6521250700000001e-04 1.6521369666231062e-04 1.6508625412825495e-04
8.7963491783959697e+01 5.8166091471087796e-05 5.8172427099999998e-05 5.8172182814337973e-05 5.8078680012840778e-05
5.0786982968474582e+01 7.6349136121591906e-03 7.6351980699999999e-03 7.6352779987543858e-03 7.6348348520696163e-03
6.1864708276350555e+01 1.7199549958129921e-03 1.7201663000000001e-03 1.7201707944577932e-03 1.7199444118887186e-03
4.0625015269780484e+01 3.1423778138724372e-02 3.1424850200000000e-02 3.1424862397819407e-02 3.1423639506101608e-02
1.1671445146904379e+02 1.5622094857852438e-06 1.5652323100000000e-06 1.5652387779269431e-06 1.5516526445935597e-06
1.1916145759253439e+02 1.1523346182651893e-06 1.1548802400000001e-06 1.1548831419012160e-06 1.1414110758778406e-06
1.0219031554213734e+02 9.6091198327359827e-06 9.6193798499999993e-06 9.6194717010596418e-06 9.6452022262383252e-06
1.1042290384484538e+02 3.4236924811432744e-06 3.4293934700000000e-06 3.4294176427657199e-06 3.4275221878488082e-06
9.8681871892655082e+01 1.4947795866129336e-05 1.4961448900000000e-05 1.4961509568346263e-05 1.4984289009589702e-05
9.9408133774687656e+01 1.3639782112774543e-05 1.3646357700000001e-05 1.3646458402835692e-05 1.3677565220859833e-05
7.3580923486375696e+01 3.6973925707365078e-04 3.6987723400000000e-04 3.6987565376603890e-04 3.7002289900556207e-04
6.4007274126181557e+01 1.2951272598026944e-03 1.2951369900000001e-03 1.2951518784451610e-03 1.2950964737683535e-03
6.5453717275532313e+01 1.0701474762910852e-03 1.0701352700000001e-03 1.0701507311539171e-03 1.0701356222853065e-03
7.6804326030616977e+01 2.4351441677505532e-04 2.4351832699999999e-04 2.4351823774896455e-04 2.4362416297663003e-04
7.4601997154966753e+01 3.2385308054684153e-04 3.2397976599999998e-04 3.2397852465627529e-04 3.2409609411843121e-04
6.3357682210130697e+01 1.4112617551379648e-03 1.4114336800000000e-03 1.4114297885265425e-03 1.4112403150647879e-03
4.4893992179240911e+01 1.7222791281319271e-02 1.7223417800000002e-02 1.7223639650461409e-02 1.7222756519913673e-02
3.4301029921157266e+01 7.8471339899911174e-02 7.8471325300000005e-02 7.8472005484291243e-02 7.8471489250659943e-02
4.7325675411873689e+01 1.2285879553688600e-02 1.2286753399999999e-02 1.2286630111857868e-02 1.2285741977393627e-02
6.1180792711588538e+01 1.8834932699485886e-03 1.8837812799999999e-03 1.8837716426339354e-03 1.8834789516404271e-03
5.5312489940982530e+01 4.1311125358320299e-03 4.1315350700000001e-03 4.1315002402795798e-03 4.1311071254312992e-03
5.1767450174518316e+01 6.6789536267236682e-03 6.6795321199999997e-03 6.6795595270096710e-03 6.6788964904844761e-03
1.1002606660275023e+02 3.5977953312067249e-06 3.6032567999999999e-06 3.6033043556964649e-06 3.6031674426340032e-06
1.1041615354996392e+02 3.4265819936487689e-06 3.4323479699999999e-06 3.4323684383739714e-06 3.4304425753362011e-06
9.2232318169623014e+01 3.3799160932245963e-05 3.3809497800000000e-05 3.3809917488313162e-05 3.3780524972826242e-05
1.3592847644360262e+02 1.4482874689207364e-07 1.4528537000000001e-07 1.4528506791997667e-07 1.4695710603973566e-07
9.2607043158578492e+01 3.2229938164215834e-05 3.2258507400000002e-05 3.2259040923189558e-05 3.2216961699305102e-05
9.6386451156284252e+01 1.9972899927532343e-05 1.9994584399999999e-05 1.9994840821952139e-05 1.9999006326543167e-05
9.8888112172999158e+01 1.4564010917791600e-05 1.4581655699999999e-05 1.4581744202116830e-05 1.4600818758481182e-05
