CLMB 0 5.6031673719364797e+01 3.7496625414923852e-03
CLMB 1 5.7874621625818634e+01 2.9277417845969453e-03
CLMB 2 6.9725763187985606e+01 6.1096937055131635e-04
CLMB 3 4.5098283814430722e+01 1.6738848361213698e-02
CLMB 4 3.4111193955876189e+01 8.0700993486982189e-02
CLMB 5 4.5715083847770657e+01 1.5360839181928260e-02
CLMB 9 5.9997205175497214e+01 2.2048254715801721e-03
CLMB 10 6.7939566302278493e+01 7.7190992624766276e-04
CLMB 11 6.8263037374165407e+01 7.3986584436983537e-04
CLMB 12 2.7382353291708135e+01 2.2382613508394755e-01
CLMB 13 3.5857892546149401e+01 6.2444033349633332e-02
CLMB 14 3.2765537359119875e+01 9.8535192871419777e-02
CLMB 15 1.7576048284318706e+01 1.1477418961492425e+00
CLMB 16 1.1389938148308138e+01 3.9018720515381258e+00
CLMB 17 1.8117824910777696e+01 1.0411076831717849e+00
CLMB 18 4.5370502154606555e+01 1.6115644611962823e-02
CLMB 19 3.9262729883248525e+01 3.8168194556334002e-02
CLMB 20 4.0879981151045612e+01 3.0305219685120125e-02
CLMB 21 7.5565769585143601e+00 1.0015613468250532e+01
CLMB 22 9.8111028773894855e+00 5.6040329683405163e+00
CLMB 23 1.2854198041881768e+01 2.8532305311429864e+00
CLMB 24 3.3669076510393310e+01 8.6154539930490770e-02
CLMB 25 4.1049885962401788e+01 2.9582761024733204e-02
CLMB 26 4.0420489894617290e+01 3.2351875747350829e-02
CLMB 27 2.4445672280513040e+01 3.5671096711701616e-01
CLMB 28 1.8014525894824793e+01 1.0605519295123365e+00
CLMB 29 3.2757145828823639e+01 9.8658549765513970e-02
CLMB 30 9.7116937565972492e+00 5.7391960268851410e+00
CLMB 31 6.4070389650865023e+00 1.4058660187822568e+01
CLMB 32 7.6693264009864315e+00 9.7060935425766868e+00
CLMB 33 1.3916314794807693e+01 2.2982653730937166e+00
CLMB 34 1.2648970265161328e+01 2.9778896011171647e+00
CLMB 35 9.0889559299363025e+00 6.6851874653670222e+00
CLMB 36 1.1326812892270725e+01 3.9566453111369708e+00
CLMB 37 1.7324052759068980e+01 1.2014760456362392e+00
CLMB 38 1.3560834285469895e+01 2.4686116816741412e+00
CLMB 39 3.9526914775525711e+01 3.6751919540584779e-02
CLMB 40 5.1204757668478848e+01 7.2115370429257633e-03
CLMB 41 4.1897655455216331e+01 2.6234890625203962e-02
CLMB 48 1.3935890011691399e+02 9.4950270429149918e-08
CLMB 51 9.1487028585189705e+01 3.7152891470361316e-05
CLMB 52 8.4978829406870148e+01 8.5145437882327944e-05
CLMB 53 1.1043782452833018e+02 3.4173142654484335e-06
CLMB 54 1.3245825395128122e+02 2.2214571504226748e-07
CLMB 55 1.2425355018852959e+02 6.1259578432336174e-07
CLMB 62 1.2748620253755230e+02 4.1056070947111292e-07
CLMB 63 6.8481072787803257e+01 7.1903053221289426e-04
CLMB 64 5.8936199837488743e+01 2.5401453308309565e-03
CLMB 65 6.2465386354970633e+01 1.5882527868934597e-03
CLMB 66 1.0935421323553999e+02 3.9130983015729224e-06
CLMB 67 9.7899726894584788e+01 1.6498150961486039e-05
CLMB 68 1.2860722527951393e+02 3.5741918904216393e-07
CLMB 72 8.1145591112950484e+01 1.3917533161733140e-04
CLMB 73 8.0974948900445639e+01 1.4226100404964593e-04
CLMB 74 9.8873273123451327e+01 1.4591290039436415e-05
CLMB 75 1.2561095316004986e+02 5.1779650608529365e-07
CLMB 76 1.3167827951078718e+02 2.4458946002290414e-07
CLMB 77 1.0576465882109173e+02 6.1340864891747106e-06
CLMB 78 7.8707427147263431e+01 1.9047576399472112e-04
CLMB 79 7.6007740933880555e+01 2.6993893971524713e-04
CLMB 80 8.2838427276811188e+01 1.1199434000876256e-04
CLMB 83 1.4328308084857159e+02 5.8625372722238918e-08
CLMB 183 1.0334274599122030e+02 8.3132973615517417e-06
CLMB 184 8.7453108053853398e+01 6.2076881982643203e-05
CLMB 185 1.1147404897483804e+02 3.0023667564880862e-06
CLMB 189 1.3464903933650839e+02 1.6955694378918567e-07
CLMB 191 1.2277064810790100e+02 7.3621112464180105e-07
CLMB 198 1.3900504566254239e+02 9.9173786730767898e-08
CLMB 201 1.2520740871497895e+02 5.4432735028597338e-07
CLMB 202 1.3680266018682772e+02 1.3004746518582272e-07
CLMB 203 1.2295970163720419e+02 7.1915323910520830e-07
CLMB 210 8.5330561185832977e+01 8.1400940388531219e-05
CLMB 211 9.7575700490005531e+01 1.7186965067577634e-05
CLMB 212 9.3633606556381451e+01 2.8296802444525088e-05
CLMB 217 1.4264907027176693e+02 6.3371691566387226e-08
CLMB 219 1.0221834386013010e+02 9.5753105553189578e-06
CLMB 220 8.5386509163338232e+01 8.0820833045391460e-05
CLMB 221 1.1016775146994263e+02 3.5346353546979815e-06
CLMB 225 1.2879934049032988e+02 3.4903156088434299e-07
CLMB 227 1.2721528458832566e+02 4.2455223927024130e-07
CLMB 228 2.7063957905946200e+01 2.3525660049391411e-01
CLMB 229 3.6138959489293462e+01 5.9935231387953695e-02
CLMB 230 2.2106964911338334e+01 5.2342338468290772e-01
CLMB 231 4.1859602163363206e+01 2.6376433973773764e-02
CLMB 232 4.6454487511560387e+01 1.3861366077630093e-02
CLMB 233 3.6288540894215565e+01 5.8643106912970103e-02
CLMB 234 7.6072647693467189e+01 2.6768131840567864e-04
CLMB 235 6.8537678612939061e+01 7.1371923473195211e-04
CLMB 236 7.5165786431654993e+01 3.0103100879993062e-04
CLMB 237 7.5475166825413673e+00 1.0041040069769119e+01
CLMB 238 1.0856983656752497e+01 4.3949441308727693e+00
CLMB 239 1.1242655805084262e+01 4.0311195514896889e+00
CLMB 240 3.0045354634573890e+01 1.4844995692593557e-01
CLMB 241 2.8286476004730957e+01 1.9447453424260039e-01
CLMB 242 2.5740286090232246e+01 2.8990684430434094e-01
CLMB 243 5.7235630874940853e+01 3.1895843503068101e-03
CLMB 244 5.6234112063406791e+01 3.6489113369354560e-03
CLMB 245 6.9873813137041523e+01 5.9926224849659237e-04
CLMB 246 2.5373451219413642e+01 3.0735251774395672e-01
CLMB 247 2.5633097975556574e+01 2.9489191049457525e-01
CLMB 248 3.3093307417923334e+01 9.3841294849719467e-02
CLMB 249 6.1810777655002518e+01 1.7323097468415994e-03
CLMB 250 5.7877058586262422e+01 2.9267862605077042e-03
CLMB 251 5.2267196930153702e+01 6.2397139861220426e-03
CLMB 252 7.8040760788045873e+01 2.0757729108372022e-04
CLMB 253 8.3295739093597959e+01 1.0561791974160699e-04
CLMB 254 6.8188147145328060e+01 7.4716266091774187e-04
CLMB 255 5.3851691083072197e+01 5.0325027616486663e-03
CLMB 256 4.6548953743061873e+01 1.3680937946657921e-02
CLMB 257 5.6687810115024682e+01 3.4330140301971610e-03
CLMB 258 9.0515923718513321e+01 4.2031500960590635e-05
CLMB 259 9.5964308848478993e+01 2.1067681971898204e-05
CLMB 260 7.8564764963406105e+01 1.9401146172977077e-04
CLMB 261 4.4555364188446589e+01 1.8056911554218437e-02
CLMB 262 4.3876950835716094e+01 1.9855456908723236e-02
CLMB 263 5.7297191189550944e+01 3.1633519661567315e-03
CLMB 267 1.3507360098936545e+02 1.6091382363191376e-07
CLMB 268 1.3770700106437414e+02 1.1634717700202120e-07
CLMB 269 1.2824277906485909e+02 3.7389095467243996e-07
CLMB 270 7.9953258886864049e+01 1.6223738417480321e-04
CLMB 271 7.6163267768717404e+01 2.6456122276624503e-04
CLMB 272 6.6165033833122308e+01 9.7449088751411477e-04
CLMB 279 1.0158023762402118e+02 1.0375550960825619e-05
CLMB 280 1.1164388651558865e+02 2.9393608829784052e-06
CLMB 281 1.0339580348715882e+02 8.2580660115862605e-06
CLMB 282 9.8009306480387636e+01 1.6271553183579968e-05
CLMB 283 8.8759508221114004e+01 5.2556427030804445e-05
CLMB 284 1.1234611325211795e+02 2.6926521350544775e-06
CLMB 285 1.2214300749121408e+02 7.9581113837172997e-07
CLMB 286 1.0771902523221152e+02 4.8016614095651685e-06
CLMB 287 1.2229409432929154e+02 7.8103530791774578e-07
CLMB 288 1.1780510576667967e+02 1.3639844192919914e-06
CLMB 289 1.0162041502969990e+02 1.0323235328788123e-05
CLMB 290 1.3073090625219714e+02 2.7493519444433176e-07
CLMB 291 6.9306790723857617e+01 6.4537144517640751e-04
CLMB 292 7.5433200899666119e+01 2.9078185928512260e-04
CLMB 293 5.7743497048075028e+01 2.9796266088306326e-03
CLMB 294 1.3948789016187021e+02 9.3455980962709808e-08
CLMB 295 1.3332573531395923e+02 1.9960307580606702e-07
CLMB 306 1.2774791209713723e+02 3.9748457796366421e-07
CLMB 307 1.2834003970048417e+02 3.6942193522648863e-07
CLMB 308 1.1526001798214479e+02 1.8723525949157265e-06
CLMB 312 1.2582623932472970e+02 5.0417791005538631e-07
CLMB 314 1.2157607361985774e+02 8.5380395635589205e-07
CLMB 321 1.3533618144427925e+02 1.5579105314441716e-07
CLMB 322 1.2146077358145256e+02 8.6610811781630838e-07
CLMB 513 1.0002770859261524e+02 1.2615356154657707e-05
CLMB 514 8.7529041536362953e+01 6.1478666628863069e-05
CLMB 515 9.3971552092011763e+01 2.7110816693823388e-05
CLMB 516 6.5877315757941943e+01 1.0120916531518066e-03
CLMB 517 5.1760876517163545e+01 6.6849374325151202e-03
CLMB 518 6.8756132817068107e+01 6.9359193560405302e-04
CLMB 519 1.2591581831194658e+02 4.9861784000264984e-07
CLMB 520 1.1211320142494991e+02 2.7720816987269948e-06
CLMB 521 1.1904753206873610e+02 1.1687651216786698e-06
CLMB 525 1.1742912755380067e+02 1.4292876036033914e-06
CLMB 526 1.3856941378762176e+02 1.0463324701698301e-07
CLMB 527 1.1513082484181835e+02 1.9027304887405114e-06
CLMB 531 1.0088329579460529e+02 1.1326729278418336e-05
CLMB 532 9.1570034395320306e+01 3.6763352127916208e-05
CLMB 533 9.0707252996666440e+01 4.1021710633958639e-05
CLMB 534 1.1923509743116844e+02 1.1418378739706869e-06
CLMB 535 1.3232955993725710e+02 2.2570111813095629e-07
CLMB 536 1.1111076096230053e+02 3.1417355472166200e-06
CLMB 540 1.0804142904229933e+02 4.6116980135719960e-06
CLMB 541 1.2166246945137488e+02 8.4469951199780594e-07
CLMB 542 1.0583434900604708e+02 6.0807143394798879e-06
CLMB 544 1.3311695915053093e+02 2.0480922737402449e-07
CLMB 549 1.2425370352711126e+02 6.1258414569384285e-07
CLMB 550 1.4258444787662094e+02 6.3876616557114474e-08
CLMB 551 1.1337070699756958e+02 2.3695298743329704e-06
CLMB 555 7.3197546990721605e+01 3.8862083480250404e-04
CLMB 556 8.7839200164469588e+01 5.9094962532284610e-05
CLMB 557 6.6008577949089130e+01 9.9475824974417813e-04
CLMB 564 5.2499392068923676e+01 6.0457909065166583e-03
CLMB 565 5.2944431860183656e+01 5.6911398739086195e-03
CLMB 566 6.0151102239979082e+01 2.1600742103810100e-03
CLMB 837 1.2771744631352590e+02 3.9898501077835960e-07
CLMB 838 1.2289136824256738e+02 7.2527250491835086e-07
CLMB 839 1.2721623000140407e+02 4.2450259019542177e-07
CLMB 847 1.3239897329566151e+02 2.2377641038263433e-07
CLMB 852 1.1338526892282258e+02 2.3652302147516028e-06
CLMB 853 1.0968082548795778e+02 3.7564900623901918e-06
CLMB 854 1.2560955821536814e+02 5.1788594180408232e-07
CLMB 869 1.3552245275503296e+02 1.5225657918532556e-07
CLMB 907 1.3616589526832900e+02 1.4065505075822391e-07
CLMB 908 1.4039448283925844e+02 8.3598554947509971e-08
CLMB 1065 1.2837866466605925e+02 3.6766207719445469e-07
CLMB 1066 1.4086661950180010e+02 7.8885319059598761e-08
CLMB 1067 1.1685686273210619e+02 1.5347663903920403e-06
CLMB 1068 1.2420630922070734e+02 6.1619204099969904e-07
CLMB 1069 1.4155286133600828e+02 7.2505985716171518e-08
CLMB 1070 1.2823155519594792e+02 3.7441016088437929e-07
CLMB 1080 1.3805976533124101e+02 1.1140442834156794e-07
CLMB 1081 1.2925141808913216e+02 3.3006556126069814e-07
CLMB 1086 1.3103335252794923e+02 2.6485753748149547e-07
CLMB 1088 1.3149955400701762e+02 2.5004496957703554e-07
CLMB 1107 1.4141349947515957e+02 7.3758188517430601e-08
CLMB 1108 1.4272080647339126e+02 6.2815872142928628e-08
CLMB 1110 9.5983147892641938e+01 2.1017560080410018e-05
CLMB 1111 9.3291777757880794e+01 2.9549626263774615e-05
CLMB 1112 8.7059494388355517e+01 6.5273252136905196e-05
CLMB 1113 2.9519818718167208e+01 1.6085280437733074e-01
CLMB 1114 2.8652315769737321e+01 1.8378597594417431e-01
CLMB 1115 2.2330240362273507e+01 5.0433318920045811e-01
CLMB 1116 5.6508438710056076e+01 3.5167692692161588e-03
CLMB 1117 4.8670526704721880e+01 1.0205674811947996e-02
CLMB 1118 5.6792670640291689e+01 3.3849952208629404e-03
CLMB 1119 5.1212724642529224e+01 7.2037008901027948e-03
CLMB 1120 5.9221738049585689e+01 2.4451005253945191e-03
CLMB 1121 4.0505233433209149e+01 3.1963931781957826e-02
CLMB 1122 9.1655067326410460e+01 3.6368567793332027e-05
CLMB 1123 7.7182808216431184e+01 2.3189150447065960e-04
CLMB 1124 9.7712381000821196e+01 1.6892946570633962e-05
CLMB 1125 7.4703379538177415e+01 3.1962374331089807e-04
CLMB 1126 6.1040442353562298e+01 1.9189630765325840e-03
CLMB 1127 7.3663019736956315e+01 3.6581818146537432e-04
CLMB 1128 5.5890595759282277e+01 3.8215486090843890e-03
CLMB 1129 5.7083882186277087e+01 3.2551989885774334e-03
CLMB 1130 5.5916015195714074e+01 3.8084931482221915e-03
CLMB 1131 3.7398950148156359e+01 4.9913166418944062e-02
CLMB 1132 4.7423747104822766e+01 1.2120430304295127e-02
CLMB 1133 2.9303899269430328e+01 1.6626207992712999e-01
CLMB 1134 3.7551589220583828e+01 4.8823371263704868e-02
CLMB 1135 3.1903407104250125e+01 1.1209658195219722e-01
CLMB 1136 3.0759453171142859e+01 1.3319201315290513e-01
CLMB 1137 8.2591755489911606e+01 1.1559370969656295e-04
CLMB 1138 9.3282378751161843e+01 2.9584852780501823e-05
CLMB 1139 9.2243801470023556e+01 3.3749947553377679e-05
CLMB 1140 6.8335383662811111e+01 7.3288549263779141e-04
CLMB 1141 5.8578408502425063e+01 2.6645708068528482e-03
CLMB 1142 8.2789233921490663e+01 1.1270300939100030e-04
CLMB 1143 4.2579884980240394e+01 2.3826097357220067e-02
CLMB 1144 4.1476234304747855e+01 2.7847193395427072e-02
CLMB 1145 4.9110285294652712e+01 9.6068257735205075e-03
CLMB 1146 2.4124082804090982e+01 3.7575860922669918e-01
CLMB 1147 2.9505569822110115e+01 1.6120396824253880e-01
CLMB 1148 1.6851904141774114e+01 1.3099591263922130e+00
CLMB 1149 3.7573088332581655e+01 4.8671873002438824e-02
CLMB 1150 2.7686763385698782e+01 2.1344960380420011e-01
CLMB 1151 3.7426058873525584e+01 4.9717787830759926e-02
CLMB 1152 2.1526051666568485e+01 5.7688602020852198e-01
CLMB 1153 2.7326461842456997e+01 2.2578901824197212e-01
CLMB 1154 1.9956068354204358e+01 7.5377047104922357e-01
CLMB 1158 1.2736857353331465e+02 4.1657785200919214e-07
CLMB 1159 1.2816620633510166e+02 3.7744755363762337e-07
CLMB 1160 1.0875849643376070e+02 4.2158502459976104e-06
CLMB 1161 8.0115339592551294e+01 1.5888871327018834e-04
CLMB 1162 6.9173974722065822e+01 6.5668183161566673e-04
CLMB 1163 8.5140130763513213e+01 8.3407131770190702e-05
CLMB 1164 1.1136075872163912e+02 3.0451481937223616e-06
CLMB 1165 9.8074847551850112e+01 1.6137522449711001e-05
CLMB 1166 1.2705408695969844e+02 4.3310349143113664e-07
CLMB 1183 1.2829033774643133e+02 3.7169894283171774e-07
CLMB 1185 7.5648286066853359e+01 2.8279491676980493e-04
CLMB 1186 8.6536196750687438e+01 6.9781405133822325e-05
CLMB 1187 8.3882792091761630e+01 9.7966427672987780e-05
CLMB 1194 1.1433701692692051e+02 2.1005687737301059e-06
CLMB 1195 1.2982693011432278e+02 3.0741052083114351e-07
CLMB 1196 1.2489481498127564e+02 5.6581376591246350e-07
CLMB 1200 7.6214326933363310e+01 2.6281945414211765e-04
CLMB 1201 8.5158297725330627e+01 8.3213608220247270e-05
CLMB 1202 6.2001519503672782e+01 1.6890136714807998e-03
CLMB 1302 1.1311701880302111e+02 2.4457093670690695e-06
CLMB 1303 1.2346618454636477e+02 6.7538532136947464e-07
CLMB 1304 1.2880959911790387e+02 3.4858927622571929e-07
CLMB 1312 1.4021305102374123e+02 8.5484022282941906e-08
CLMB 1329 1.9258166414719533e+01 8.5094753419999092e-01
CLMB 1330 2.6128680097621462e+01 2.7258620368728947e-01
CLMB 1331 1.8210638002494594e+01 1.0239767709219176e+00
CLMB 1332 3.3829884240366383e+01 8.4127645985590582e-02
CLMB 1333 2.6419288010597931e+01 2.6035182700786896e-01
CLMB 1334 4.2122180009363717e+01 2.5415561328775756e-02
CLMB 1335 7.4966075724536225e+01 3.0892301536021284e-04
CLMB 1336 7.5160661804383153e+01 3.0123094791038494e-04
CLMB 1337 9.2090352120991724e+01 3.4413585405375397e-05
CLMB 1338 7.2916289262143792e+01 4.0309111761676117e-04
CLMB 1339 7.3595160011438679e+01 3.6905625748195040e-04
CLMB 1340 7.8251393371172810e+01 2.0201264926604837e-04
CLMB 1341 4.8073039314103774e+01 1.1081210479382530e-02
CLMB 1342 5.8186134944753363e+01 2.8081369009984986e-03
CLMB 1343 4.2465114740052258e+01 2.4214764683912034e-02
CLMB 1344 4.5703296893355706e+01 1.5386048370964066e-02
CLMB 1345 4.8194997241642774e+01 1.0896444514704260e-02
CLMB 1346 5.3564232444994097e+01 5.2323054191375775e-03
CLMB 1347 7.5622750504841946e+01 2.8373142361980174e-04
CLMB 1348 7.5311717839597421e+01 2.9539343240009909e-04
CLMB 1349 8.7446347545914307e+01 6.2130426095662148e-05
CLMB 1350 7.6093562621259039e+01 2.6695791948853231e-04
CLMB 1351 7.4157263858875083e+01 3.4308524657678836e-04
CLMB 1352 7.4956377866893945e+01 3.0931153263884768e-04
CLMB 1353 1.8988046555188983e+01 8.9222067951239892e-01
CLMB 1354 2.1621872670033653e+01 5.6767146034985749e-01
CLMB 1355 2.7236304313704775e+01 2.2899406353132926e-01
CLMB 1356 6.6089336945681993e+01 9.8424384687562897e-04
CLMB 1357 7.1500177502511690e+01 4.8467667577085780e-04
CLMB 1358 6.8729321075321380e+01 6.9603093687573415e-04
CLMB 1359 7.8621353357193939e+00 9.2049777998977422e+00
CLMB 1360 3.4413261833426336e+00 4.4240787071782201e+01
CLMB 1361 1.0363049050463257e+01 4.9212032554597966e+00
CLMB 1362 4.5978477246299420e+01 1.4808450074876450e-02
CLMB 1363 5.7777300339651674e+01 2.9661620026353659e-03
CLMB 1364 4.1305036932571390e+01 2.8531098183843941e-02
CLMB 1365 1.1785556637523290e+02 1.3554512514902909e-06
CLMB 1366 9.8461454509658466e+01 1.5369228900736573e-05
CLMB 1367 1.1997229714363472e+02 1.0419076207246532e-06
CLMB 1368 1.2301272944720998e+02 7.1444035280781134e-07
CLMB 1369 1.0503738675040265e+02 6.7199936599249922e-06
CLMB 1370 1.1929470010731332e+02 1.1334124008630058e-06
CLMB 1371 4.4663240506587336e+01 1.7786766830253372e-02
CLMB 1372 4.9201638156405387e+01 9.4870107873546976e-03
CLMB 1373 5.4338637594564773e+01 4.7116400361742064e-03
CLMB 1374 9.9216838683071643e+01 1.3972696450680946e-05
CLMB 1375 9.4885749981575756e+01 2.4147429951022960e-05
CLMB 1376 1.0664125241709272e+02 5.4957330557193265e-06
CLMB 1377 1.2963697298402712e+02 3.1471008653455988e-07
CLMB 1378 1.4233138846722568e+02 6.5893050208705824e-08
CLMB 1379 1.3368043250706884e+02 1.9106090064926783e-07
CLMB 1380 4.9725784308895655e+01 8.8285411394733743e-03
CLMB 1381 6.0995643531589010e+01 1.9304271990795842e-03
CLMB 1382 5.3681414935320120e+01 5.1498955953077300e-03
CLMB 1384 1.3038658402310017e+02 2.8687772984422509e-07
CLMB 1389 7.8814339434264014e+01 1.8786882456923659e-04
CLMB 1390 9.1644053922131150e+01 3.6419458114770143e-05
CLMB 1391 8.6999654100884953e+01 6.5773524485975669e-05
CLMB 1396 1.3629183802104095e+02 1.3849027216862856e-07
CLMB 1404 1.0458615944936584e+02 7.1114990854410293e-06
CLMB 1405 9.8796163191922616e+01 1.4733874317259399e-05
CLMB 1406 1.0630660876338456e+02 5.7311378878689279e-06
CLMB 1407 5.8734155041009018e+01 2.6096631307483955e-03
CLMB 1408 7.3185964012964575e+01 3.8920625087243899e-04
CLMB 1409 6.1736000726730758e+01 1.7495895052593354e-03
CLMB 1410 5.1294090352776109e+01 7.1241682506777817e-03
CLMB 1411 4.6255436074519068e+01 1.4249595792513324e-02
CLMB 1412 4.2949551030360418e+01 2.2617406061380817e-02
CLMB 1425 1.1949849134148430e+02 1.1050734573948416e-06
CLMB 1426 1.2956719619826740e+02 3.1743492322565378e-07
CLMB 1427 1.0772387500716941e+02 4.7987463600277902e-06
CLMB 1455 1.1748519503127378e+02 1.4193535259545729e-06
CLMB 1456 1.0673280655420865e+02 5.4330409526092342e-06
CLMB 1457 1.3283791089437005e+02 2.1198123913392421e-07
CLMB 1602 1.3953546736275257e+02 9.2910798870099017e-08
CLMB 1603 1.1882203632175013e+02 1.2019838722629102e-06
CLMB 1624 1.3494846448891150e+02 1.6341431401057408e-07
CLMB 1625 1.4200476810190486e+02 6.8590356427061335e-08
CLMB 1633 1.3342444158002644e+02 1.9718814475045732e-07
CLMB 1638 6.4730277865771512e+01 1.1772280160453395e-03
CLMB 1639 6.7292885479115768e+01 8.4025599937129192e-04
CLMB 1640 7.8723055948649687e+01 1.9009240323901230e-04
CLMB 1641 8.5468678309883302e+01 7.9976400073727031e-05
CLMB 1642 8.4398584506954194e+01 9.1706585182980624e-05
CLMB 1643 1.0387429811413286e+02 7.7763511619341443e-06
CLMB 1644 8.0699944603326074e+01 1.4737994021175356e-04
CLMB 1645 7.3506328723247762e+01 3.7333891966905095e-04
CLMB 1646 8.1305149269141850e+01 1.3635125942554850e-04
CLMB 1650 1.3451994566579796e+02 1.7227627808271319e-07
CLMB 1651 1.2447776173478819e+02 5.9581286672951978e-07
CLMB 1652 1.1969641771749301e+02 1.0782316973455206e-06
CLMB 1653 1.0414193824096677e+02 7.5193459409742975e-06
CLMB 1654 9.4118581888943140e+01 2.6610588387381858e-05
CLMB 1655 1.1135360338040928e+02 3.0478707318023358e-06
CLMB 1665 1.0645698339830675e+02 5.6241272809201090e-06
CLMB 1666 1.2364349744335561e+02 6.6070356841322863e-07
CLMB 1667 1.0880094792224531e+02 4.1935168278127187e-06
CLMB 1668 1.3131302137860200e+02 2.5586913592167483e-07
CLMB 1669 1.1485223747113821e+02 1.9699330450684846e-06
CLMB 1670 1.2698189273440923e+02 4.3698914788209786e-07
CLMB 1671 1.3237948043613426e+02 2.2431524228880614e-07
CLMB 1673 1.2559705006361933e+02 5.1868858518057503e-07
CLMB 1689 1.3242586008151068e+02 2.2303532330068142e-07
CLMB 1690 1.2456787561568358e+02 5.8919838963609039e-07
CLMB 1691 1.1636171231583991e+02 1.6323261922464035e-06
CLMB 1713 9.7014304713850237e+01 1.8449665073156502e-05
CLMB 1714 1.0833539742728509e+02 4.4450839102667064e-06
CLMB 1715 1.0015514967310861e+02 1.2414441331652030e-05
CLMB 1927 1.3889949832590722e+02 1.0046970990590730e-07
CLMB 2213 1.3068588956584136e+02 2.7646774219159573e-07
CLMB 2484 9.0412853735099418e+01 4.2585828246202179e-05
CLMB 2485 1.0499257968210439e+02 6.7578804441800851e-06
CLMB 2486 7.6624357000991083e+01 2.4924605430834987e-04
CLMB 2490 1.3154703761285987e+02 2.4858374859630612e-07
CLMB 2492 1.2177802755556772e+02 8.3267421422444588e-07
CLMB 2493 9.1955273042665254e+01 3.5008653339996491e-05
CLMB 2494 7.8776544050704402e+01 1.8878627790422871e-04
CLMB 2495 1.0211529453194834e+02 9.7002066379085091e-06
CLMB 2502 1.0332786285734403e+02 8.3288569409912006e-06
CLMB 2503 1.0456905342009844e+02 7.1267844260703217e-06
CLMB 2504 9.3414086615962162e+01 2.9095060215606957e-05
CLMB 2511 1.0314380483007810e+02 8.5237203552937998e-06
CLMB 2512 1.2056171730635299e+02 9.6836681285073957e-07
CLMB 2513 9.0836428179466054e+01 4.0353818933282466e-05
CLMB 2520 1.2432037905582885e+02 6.0754436012995782e-07
CLMB 2521 1.1731133003347618e+02 1.4503872804041551e-06
CLMB 2525 1.3016561934078214e+02 2.9481472901845900e-07
CLMB 2540 1.3740620072828401e+02 1.2073534348318743e-07
CLMB 2679 1.3349892792673739e+02 1.9538521146766372e-07
CLMB 2681 1.3941631334735899e+02 9.4282226386773451e-08
CLMB 2709 7.8705472783288471e+01 1.9052375775205081e-04
CLMB 2710 6.8345061592633030e+01 7.3195679119198950e-04
CLMB 2711 8.4012675625050989e+01 9.6350596648009926e-05
CLMB 2712 1.3094964363371159e+02 2.6760904759954563e-07
CLMB 2713 1.1135839862278081e+02 3.0460459181224171e-06
CLMB 2714 1.4075457338133739e+02 7.9979139041043966e-08
CLMB 2718 7.8038877718196758e+01 2.0762773188763177e-04
CLMB 2719 6.5110525233554256e+01 1.1196544764298759e-03
CLMB 2720 7.6042615577369943e+01 2.6872352814843092e-04
CLMB 2724 9.5733230127145873e+01 2.1692360163225732e-05
CLMB 2725 1.0577878898916816e+02 6.1232269561076232e-06
CLMB 2726 1.1009028218260717e+02 3.5690300230555796e-06
CLMB 2727 1.0750988459519766e+02 4.9290787029891388e-06
CLMB 2728 1.1546642364382026e+02 1.8248275534753953e-06
CLMB 2729 9.0571806811439430e+01 4.1733999594349678e-05
CLMB 2730 1.3265695197251756e+02 2.1676642702386890e-07
CLMB 2732 1.3016696723579474e+02 2.9476565064479534e-07
CLMB 4111 1.0877923684447842e+02 4.2049239611660347e-06
CLMB 4112 9.5801217480255190e+01 2.1506656155295314e-05
CLMB 4113 1.0189368642006603e+02 9.9743795133442785e-06
CLMB 4123 1.4006584121024343e+02 8.7045167598908628e-08
CLMB 4124 1.4225273053724595e+02 6.6532734050625775e-08
CLMB 4125 1.2706471738783088e+02 4.3253427598223033e-07
CLMB 4127 1.4365936938024544e+02 5.5978806807416011e-08
CLMB 4132 1.3005189494729416e+02 2.9898525069003156e-07
CLMB 4133 1.3890422555235656e+02 1.0041130653321396e-07
CLMB 4134 1.2663577254755043e+02 4.5611002834072093e-07
CLMB 4135 1.4374351107304588e+02 5.5403604165170707e-08
CLMB 4136 1.3757511570279524e+02 1.1825110319222150e-07
CLMB 4336 1.3888848983683377e+02 1.0060584844543009e-07
CLMB 4338 1.2217169867268443e+02 7.9298378806559415e-07
CLMB 4342 1.1944840342194411e+02 1.1119719334731484e-06
CLMB 4343 1.0673968350842935e+02 5.4283610785533150e-06
CLMB 4344 1.1871854046069171e+02 1.2175463618587689e-06
CLMB 4352 1.3630201240427346e+02 1.3831685571182847e-07
CLMB 4354 1.1884879629494021e+02 1.1979926477736434e-06
CLMB 4355 1.2578814509293221e+02 5.0656120920546282e-07
CLMB 4356 1.2579134883227293e+02 5.0636033778781967e-07
CLMB 5237 1.0048305707558413e+02 1.1912166133496163e-05
CLMB 5238 1.1242376565521612e+02 2.6666823179030582e-06
CLMB 5239 1.0851963601033124e+02 4.3437618858688808e-06
CLMB 5267 1.1823698344843423e+02 1.2926630179616665e-06
CLMB 5268 1.3316855675980446e+02 2.0351001552083582e-07
CLMB 5269 1.2971939187120225e+02 3.1152180381691394e-07
CLMB 5456 1.3751005889979280e+02 1.1920176359810549e-07
CLMB 5458 1.3895958946406660e+02 9.9729834092770291e-08
CLMB 5495 1.0058139653727548e+02 1.1765559119490547e-05
CLMB 5496 1.0803699392733161e+02 4.6142592508654875e-06
CLMB 5497 1.1649193673063127e+02 1.6060795089031279e-06
CLMB 5498 1.2002467445856587e+02 1.0351514361930992e-06
CLMB 5499 1.4138801144082976e+02 7.3989541729944849e-08
CLMB 5500 1.1817326812578897e+02 1.3029446292127186e-06
CLMB 5501 4.5878190091952391e+01 1.5016324762582630e-02
CLMB 5502 4.7634142744667848e+01 1.1773158365287396e-02
CLMB 5503 5.4430362852008031e+01 4.6535771398161715e-03
CLMB 5504 2.6975805983608037e+01 2.3853013163682574e-01
CLMB 5505 2.2216070281029822e+01 5.1399828860085939e-01
CLMB 5506 3.5206919084589700e+01 6.8684265639782013e-02
CLMB 5507 7.0263976217541710e+00 1.1657585431928144e+01
CLMB 5508 2.8983089541461715e+00 5.9238469626902521e+01
CLMB 5509 9.4095437751616444e+00 6.1756919108073838e+00
CLMB 5510 7.1947221509224178e+01 4.5725887390135627e-04
CLMB 5511 6.9667577242116806e+01 6.1563364714261627e-04
CLMB 5512 7.0923733283941445e+01 5.2250442775426985e-04
CLMB 5513 5.5716911027348615e+01 3.9119831855722216e-03
CLMB 5514 6.7502406124787910e+01 8.1746520183994240e-04
CLMB 5515 5.5705006944047213e+01 3.9182607818742258e-03
CLMB 5516 3.2622305050079426e+01 1.0066310690766424e-01
CLMB 5517 3.4746757102443482e+01 7.3485585870447137e-02
CLMB 5518 2.9333783605571966e+01 1.6550206849558763e-01
CLMB 5519 9.7812688526973005e+01 1.6680398666420303e-05
CLMB 5520 1.0785325489770462e+02 4.7216338489107660e-06
CLMB 5521 8.4682949870111372e+01 8.8429681918543974e-05
CLMB 5522 1.8030920382288947e+01 1.0574390073084279e+00
CLMB 5523 2.4996036528843447e+01 3.2648318334860937e-01
CLMB 5524 2.2591256828100622e+01 4.8297140302819280e-01
CLMB 5525 5.4393696421414589e+01 4.6766991858139435e-03
CLMB 5526 6.7980612610990107e+01 7.6776703228667099e-04
CLMB 5527 5.3825229441485966e+01 5.0505652114037269e-03
CLMB 5528 9.0530118675396878e+01 4.1955730178877276e-05
CLMB 5529 9.3551286725911865e+01 2.8593529343249262e-05
CLMB 5530 9.9417652789471845e+01 1.3623426168634333e-05
CLMB 5531 5.2060373700986567e+01 6.4177985974576942e-03
CLMB 5532 4.7031731933626531e+01 1.2795795015797489e-02
CLMB 5533 6.4566064415926874e+01 1.2030124211856814e-03
CLMB 5534 1.1852340104579473e+02 1.2474420794893373e-06
CLMB 5535 1.2465616909683939e+02 5.8278907245398744e-07
CLMB 5536 1.0060635253852639e+02 1.1728643912998512e-05
CLMB 5537 1.1704636511938854e+02 1.4989984712977613e-06
CLMB 5538 1.0240242677684651e+02 9.3562154933935083e-06
CLMB 5539 1.2456783179378455e+02 5.8920158822909917e-07
CLMB 5540 7.6186142584674371e+01 2.6377946111325561e-04
CLMB 5541 9.3186332795321107e+01 2.9947257957906890e-05
CLMB 5542 7.7314926192950892e+01 2.2796767354965155e-04
CLMB 5552 1.2804936193146978e+02 3.8294025226178662e-07
CLMB 5553 1.3521064436351344e+02 1.5821944750987040e-07
CLMB 5554 1.3072823018264526e+02 2.7502605960741738e-07
CLMB 5558 1.4279228904335878e+02 6.2266883567751332e-08
CLMB 5559 1.3710635253813430e+02 1.2527496356543620e-07
CLMB 5563 1.3310106987841917e+02 2.0521098879603667e-07
CLMB 5570 1.2426868274359288e+02 6.1144827054287968e-07
CLMB 5571 1.3452439607211031e+02 1.7218180645707532e-07
CLMB 5572 1.2340610703705637e+02 6.8043379743890597e-07
CLMB 5573 8.9507063510887249e+01 4.7785655545983786e-05
CLMB 5574 1.0655104647590579e+02 5.5582137253023130e-06
CLMB 5575 7.8584812102258269e+01 1.9351064179024981e-04
CLMB 5579 1.3486333602434743e+02 1.6513761638346414e-07
CLMB 5580 1.2700546480683681e+02 4.3571661141469672e-07
CLMB 5684 8.6260189865523870e+01 7.2284413979097978e-05
CLMB 5685 7.1314941201305629e+01 4.9651990881281792e-04
CLMB 5686 9.7921506590089891e+01 1.6452861453572424e-05
CLMB 5687 1.0896152664482985e+02 4.1101085102769082e-06
CLMB 5688 1.0527524768039353e+02 6.5224188471651654e-06
CLMB 5689 1.0079440594748495e+02 1.1454196820375994e-05
CLMB 5708 1.2658464711007034e+02 4.5900473640939871e-07
CLMB 5709 1.3294410272419984e+02 2.0922268020308673e-07
CLMB 5710 1.1592972276604722e+02 1.7225204137582421e-06
CLMB 5717 1.2978910333241285e+02 3.0885042373749805e-07
CLMB 5718 1.1331825054759965e+02 2.3850837875521367e-06
CLMB 5719 1.3512627273982545e+02 1.5987285040712917e-07
CLMB 5723 1.1547410325919361e+02 1.8230829048164205e-06
CLMB 5724 1.0051129241014334e+02 1.1869884952104909e-05
CLMB 5725 1.1861505363093224e+02 1.2333099559175164e-06
CLMB 5726 5.5011050514534396e+01 4.3025566153064793e-03
CLMB 5727 6.6923206953490322e+01 8.8205169559048334e-04
CLMB 5728 5.3895309802972712e+01 5.0028729063876761e-03
CLMB 5729 7.5079366140432313e+01 3.0442075480457379e-04
CLMB 5730 6.7614126290508338e+01 8.0557000116384520e-04
CLMB 5731 9.1807603993561628e+01 3.5671058493547514e-05
CLMB 5732 6.3284173759568766e+01 1.4250532238481576e-03
CLMB 5733 5.1244447147198471e+01 7.1725855780155898e-03
CLMB 5734 6.7171826371637124e+01 8.5371696467773442e-04
CLMB 5735 3.7994785398631151e+01 4.5797004611781711e-02
CLMB 5736 2.7674762608998112e+01 2.1384883275729724e-01
CLMB 5737 4.2905238700988285e+01 2.2758893702529932e-02
CLMB 5738 1.1876384992087395e+02 1.2107084941662817e-06
CLMB 5739 1.0434251607464802e+02 7.3323558588745633e-06
CLMB 5740 1.2873587168684330e+02 3.5178047473248801e-07
CLMB 5741 9.6771240794287635e+01 1.9024969375480768e-05
CLMB 5742 9.1490159056011379e+01 3.7138125210300552e-05
CLMB 5743 1.0181461483994175e+02 1.0074083562695565e-05
CLMB 5744 1.7304575759839921e+01 1.2057456140650016e+00
CLMB 5745 2.1242190098144349e+01 6.0515705745874626e-01
CLMB 5746 1.1001377463029241e+01 4.2542396967043201e+00
CLMB 5747 6.1689593140357708e+01 1.7604015700733277e-03
CLMB 5748 7.2041977646845439e+01 4.5165207241397237e-04
CLMB 5749 4.9446776481242466e+01 9.1730059753450301e-03
CLMB 5750 2.9269231434983890e+01 1.6714837581398440e-01
CLMB 5751 2.5059997170507092e+01 3.2315310945385139e-01
CLMB 5752 2.3323834163490975e+01 4.2809339723689421e-01
CLMB 5753 5.1308873906508502e+01 7.1098144634186670e-03
CLMB 5754 4.1046016394473824e+01 2.9599015237233673e-02
CLMB 5755 5.6049169646121271e+01 3.7408441355987598e-03
CLMB 5756 9.6334946799054336e+01 2.0103340830575104e-05
CLMB 5757 1.0654782132648911e+02 5.5604607915418369e-06
CLMB 5758 1.0209897224864034e+02 9.7201391748612550e-06
CLMB 5759 7.4824043146904941e+01 3.1466281088898758e-04
CLMB 5760 6.1924359496910306e+01 1.7063940116433945e-03
CLMB 5761 8.1076376640126625e+01 1.4041868379975549e-04
CLMB 5762 3.0881676227710109e+01 1.3075080469314040e-01
CLMB 5763 3.1086655454417013e+01 1.2676194095161919e-01
CLMB 5764 3.8413843308527383e+01 4.3114440402094639e-02
CLMB 5765 1.1445015231818925e+02 2.0711561460135264e-06
CLMB 5766 1.1500487606345084e+02 1.9328224024236712e-06
CLMB 5767 1.1274798947725127e+02 2.5609426956485476e-06
CLMB 5768 7.6297224903690505e+01 2.6001623628439218e-04
CLMB 5769 6.5160765120058926e+01 1.1122643960129197e-03
CLMB 5770 8.5656184436638696e+01 7.8082627007540115e-05
CLMB 5771 1.2024351277319465e+02 1.0073962050547253e-06
CLMB 5772 1.1581109323789558e+02 1.7481541654882005e-06
CLMB 5773 1.2111874628740830e+02 9.0366544281833370e-07
CLMB 5774 1.1145128186038501e+02 3.0109154329581992e-06
CLMB 5775 1.0888323817650931e+02 4.1505628417252363e-06
CLMB 5776 1.2791596321713060e+02 3.8930935331688659e-07
CLMB 5778 1.3934295692511421e+02 9.5136622203233094e-08
CLMB 5798 1.1283212041248294e+02 2.5342005588161661e-06
CLMB 5799 1.2632334752971016e+02 4.7409012771100995e-07
CLMB 5800 9.7142254161984710e+01 1.8153895666981219e-05
CLMB 5810 1.3640959711041722e+02 1.3649642100807871e-07
CLMB 5811 1.4311634284424574e+02 5.9837898215433840e-08
CLMB 5813 1.3141121193397166e+02 2.5278652185504959e-07
CLMB 5814 1.2140671489516639e+02 8.7193814046575540e-07
CLMB 5815 1.2741770741455852e+02 4.1405378245770271e-07
CLMB 5998 1.3750098122603237e+02 1.1933502205435297e-07
CLMB 6002 8.1429750965231889e+01 1.3418619124983474e-04
CLMB 6003 8.6347293451052991e+01 7.1484870511166049e-05
CLMB 6004 9.2586551127165308e+01 3.2313822518546261e-05
CLMB 6013 1.4080666608466765e+02 7.9468717639471720e-08
CLMB 6017 1.3978026106735729e+02 9.0155783519570417e-08
CLMB 6020 1.0303296579281044e+02 8.6432731735370662e-06
CLMB 6021 1.1577897503324317e+02 1.7551600665114685e-06
CLMB 6022 8.6761097272175732e+01 6.7806637704296332e-05
CLMB 6026 1.1031087699823875e+02 3.4719650717842864e-06
CLMB 6027 1.2642939924536060e+02 4.6790840312065173e-07
CLMB 6028 1.0407807187011706e+02 7.5798873143841697e-06
CLMB 6035 1.0221732989511153e+02 9.5765315650730623e-06
CLMB 6036 9.2380120031699192e+01 3.3171222094331009e-05
CLMB 6037 9.1885370207839415e+01 3.5320659733169517e-05
CLMB 6347 1.1686186145314862e+02 1.5338119729789702e-06
CLMB 6348 1.3842376323885634e+02 1.0652506690385857e-07
CLMB 6349 1.1371914717199536e+02 2.2687699023922039e-06
CLMB 6350 1.1617436811460712e+02 1.6708434416263206e-06
CLMB 6351 1.2787485560902743e+02 3.9129339054200640e-07
CLMB 6352 9.9020506854363262e+01 1.4322886917041347e-05
CLMB 6355 1.3323984626113059e+02 2.0172856941328110e-07
CLMB 6550 1.2727231639609549e+02 4.2156758122087665e-07
CLMB 6570 1.3936866348818074e+02 9.4836332304337194e-08
CLMB 6574 1.4105764628731234e+02 7.7054972307034688e-08
CLMB 6578 9.7525176179497095e+01 1.7296949742375079e-05
CLMB 6579 8.2304870696047431e+01 1.1992707483030778e-04
CLMB 6580 1.1135141450592391e+02 3.0487040661357360e-06
CLMB 6587 1.4280930824624386e+02 6.2136886664064996e-08
CLMB 6588 1.3708139906389960e+02 1.2566038754141145e-07
CLMB 6590 7.9305950697862102e+01 1.7633772096765294e-04
CLMB 6591 9.4162294322800136e+01 2.6463670007336112e-05
CLMB 6592 8.1253733643905505e+01 1.3725490431389640e-04
CLMB 6593 2.7485034149216609e+01 2.2026723840076740e-01
CLMB 6594 1.9521100023515917e+01 8.1279666705930820e-01
CLMB 6595 3.4500584978946172e+01 7.6196848344302931e-02
CLMB 6596 9.3448366030209883e+01 2.8968928138711450e-05
CLMB 6597 1.0824643170019816e+02 4.4948583913437297e-06
CLMB 6598 9.5188896825972478e+01 2.3238629397356777e-05
CLMB 6599 2.0273039756549011e+01 7.1373883736610977e-01
CLMB 6600 1.3578318635214053e+01 2.4598956652932356e+00
CLMB 6601 1.9786173128768738e+01 7.7624233459396286e-01
CLMB 6605 5.5357944851954301e+01 4.1058714105818373e-03
CLMB 6606 6.3922268956459995e+01 1.3097548856130065e-03
CLMB 6607 5.1079328831819439e+01 7.3360621756850949e-03
CLMB 6608 9.5563305165195402e+01 2.2163596745276397e-05
CLMB 6609 8.4523041386462097e+01 9.0257578362976882e-05
CLMB 6610 9.7306913015975496e+01 1.7780283647111796e-05
CLMB 6611 3.5448686738210526e+01 6.6294005247653498e-02
CLMB 6612 4.1936453062963835e+01 2.6091386030403101e-02
CLMB 6613 2.6415383373959333e+01 2.6051226165818114e-01
CLMB 6614 1.1030226442225353e+02 3.4757044590890780e-06
CLMB 6615 1.0572181332880275e+02 6.1671333607796139e-06
CLMB 6616 1.3102941042519771e+02 2.6498647471018409e-07
CLMB 6617 1.3904277863257053e+02 9.8714578600218557e-08
CLMB 6620 9.0692822504287761e+01 4.1097011201616244e-05
CLMB 6621 1.0763751596023701e+02 4.8509215070803519e-06
CLMB 6622 9.5492485713769128e+01 2.2363025601180202e-05
CLMB 6623 6.3464789864607447e+01 1.3914087679899384e-03
CLMB 6624 5.3188238554937584e+01 5.5059365546511517e-03
CLMB 6625 6.8843570338063529e+01 6.8569797218574844e-04
CLMB 6626 9.9363168127515848e+01 1.3717311534971081e-05
CLMB 6627 9.9908912784211012e+01 1.2805588661803463e-05
CLMB 6628 1.1453498246244246e+02 2.0493741286810560e-06
CLMB 6629 1.0110409183102924e+02 1.1016252711667657e-05
CLMB 6630 9.4599229014273220e+01 2.5039288054680130e-05
CLMB 6631 9.3055749889836306e+01 3.0447166808597857e-05
CLMB 6632 5.8652660177841383e+01 2.6382485405589437e-03
CLMB 6633 7.0674003796155176e+01 5.3980787446809668e-04
CLMB 6634 4.7777462768806494e+01 1.1542460144725920e-02
CLMB 6635 5.8818428761320455e+01 2.5804345150418611e-03
CLMB 6636 6.9115892749179665e+01 6.6169092818713581e-04
CLMB 6637 5.5461694193741273e+01 4.0488470117389973e-03
CLMB 6641 1.4217678119145864e+02 6.7156303181880417e-08
CLMB 6642 1.4238683978644048e+02 6.5445805931376872e-08
CLMB 6644 1.3612818605490571e+02 1.4130980262821949e-07
CLMB 6645 1.4195406093469552e+02 6.9018931631271744e-08
CLMB 6646 1.1981105701211102e+02 1.0629855148199605e-06
CLMB 6650 1.1960060663754305e+02 1.0911423006985080e-06
CLMB 6651 1.1237588059556482e+02 2.6826669207974803e-06
CLMB 6652 1.0476380045207900e+02 6.9547021520077561e-06
CLMB 6658 1.4303199624655517e+02 6.0460822485049663e-08
CLMB 6660 1.3947904481980495e+02 9.3557692163522335e-08
CLMB 6783 1.2573493783499364e+02 5.0990898025820513e-07
CLMB 6815 8.4580387540880764e+01 8.9597715661457046e-05
CLMB 6816 8.3014408936569652e+01 1.0949581399112482e-04
CLMB 6817 8.1383522696796533e+01 1.3498536881241904e-04
CLMB 6818 9.0306112274829658e+01 4.3167672303916533e-05
CLMB 6819 9.3968886103665653e+01 2.7119973911392913e-05
CLMB 6820 8.3362503297233772e+01 1.0471817147446353e-04
CLMB 6821 7.9390676272671868e+01 1.7442390553021626e-04
CLMB 6822 7.9815580319309674e+01 1.6513785261610810e-04
CLMB 6823 8.7963491783959697e+01 5.8166091471087796e-05
CLMB 6824 5.0786982968474582e+01 7.6349136121591906e-03
CLMB 6825 6.1864708276350555e+01 1.7199549958129921e-03
CLMB 6826 4.0625015269780484e+01 3.1423778138724372e-02
CLMB 6830 1.1671445146904379e+02 1.5622094857852438e-06
CLMB 6831 1.1916145759253439e+02 1.1523346182651893e-06
CLMB 6832 1.0219031554213734e+02 9.6091198327359827e-06
CLMB 6833 1.1042290384484538e+02 3.4236924811432744e-06
CLMB 6834 9.8681871892655082e+01 1.4947795866129336e-05
CLMB 6835 9.9408133774687656e+01 1.3639782112774543e-05
CLMB 6839 7.3580923486375696e+01 3.6973925707365078e-04
CLMB 6840 6.4007274126181557e+01 1.2951272598026944e-03
CLMB 6841 6.5453717275532313e+01 1.0701474762910852e-03
CLMB 6842 7.6804326030616977e+01 2.4351441677505532e-04
CLMB 6843 7.4601997154966753e+01 3.2385308054684153e-04
CLMB 6844 6.3357682210130697e+01 1.4112617551379648e-03
CLMB 6845 4.4893992179240911e+01 1.7222791281319271e-02
CLMB 6846 3.4301029921157266e+01 7.8471339899911174e-02
CLMB 6847 4.7325675411873689e+01 1.2285879553688600e-02
CLMB 6848 6.1180792711588538e+01 1.8834932699485886e-03
CLMB 6849 5.5312489940982530e+01 4.1311125358320299e-03
CLMB 6850 5.1767450174518316e+01 6.6789536267236682e-03
CLMB 6851 1.1002606660275023e+02 3.5977953312067249e-06
CLMB 6852 1.1041615354996392e+02 3.4265819936487689e-06
CLMB 6853 9.2232318169623014e+01 3.3799160932245963e-05
CLMB 6855 1.3592847644360262e+02 1.4482874689207364e-07
CLMB 6857 9.2607043158578492e+01 3.2229938164215834e-05
CLMB 6858 9.6386451156284252e+01 1.9972899927532343e-05
CLMB 6859 9.8888112172999158e+01 1.4564010917791600e-05
