 CLMB           1           1   56.0316544       3.75012844E-03
 CLMB           1           2   57.8746452       2.92781461E-03
 CLMB           1           3   69.7257843       6.11094176E-04
 CLMB           1           4   45.0982742       1.67397615E-02
 CLMB           1           5   34.1111908       8.07022154E-02
 CLMB           1           6   45.7150841       1.53608527E-02
 CLMB           1          10   59.9972000       2.20483914E-03
 CLMB           1          11   67.9395523       7.72117986E-04
 CLMB           1          12   68.2630310       7.40015879E-04
 CLMB           1          13   27.3823681      0.223827004    
 CLMB           1          14   35.8578796       6.24452271E-02
 CLMB           1          15   32.7655449       9.85365361E-02
 CLMB           1          16   17.5760593       1.14774120    
 CLMB           1          17   11.3899260       3.90188360    
 CLMB           1          18   18.1178322       1.04110730    
 CLMB           1          19   45.3705139       1.61159039E-02
 CLMB           1          20   39.2627258       3.81693617E-02
 CLMB           1          21   40.8799858       3.03059015E-02
 CLMB           1          22   7.55657959       10.0156059    
 CLMB           1          23   9.81109905       5.60403919    
 CLMB           1          24   12.8542023       2.85322881    
 CLMB           1          25   33.6690979       8.61550048E-02
 CLMB           1          26   41.0498886       2.95837652E-02
 CLMB           1          27   40.4205132       3.23517956E-02
 CLMB           1          28   24.4456749      0.356712013    
 CLMB           1          29   18.0145226       1.06055415    
 CLMB           1          30   32.7571602       9.86596495E-02
 CLMB           1          31   9.71168900       5.73920345    
 CLMB           1          32   6.40703964       14.0586567    
 CLMB           1          33   7.66933918       9.70605850    
 CLMB           1          34   13.9163189       2.29826450    
 CLMB           1          35   12.6489878       2.97787952    
 CLMB           1          36   9.08895206       6.68519497    
 CLMB           1          37   11.3268013       3.95665526    
 CLMB           1          38   17.3240471       1.20147705    
 CLMB           1          39   13.5608301       2.46861458    
 CLMB           1          40   39.5269279       3.67530324E-02
 CLMB           1          41   51.2047997       7.21154828E-03
 CLMB           1          42   41.8976784       2.62349881E-02
 CLMB        1960           1   84.5804214       8.96353013E-05
 CLMB        1960           2   83.0144577       1.09541390E-04
 CLMB        1960           3   81.3835297       1.35059672E-04
 CLMB        1960           4   90.3061752       4.32030356E-05
 CLMB        1960           5   93.9689255       2.71456174E-05
 CLMB        1960           6   83.3625412       1.04757819E-04
 CLMB        1960           7   79.3907928       1.74454821E-04
 CLMB        1960           8   79.8156509       1.65212507E-04
 CLMB        1960           9   87.9634628       5.81724271E-05
 CLMB        1960          10   50.7870674       7.63519807E-03
 CLMB        1960          11   61.8647346       1.72016630E-03
 CLMB        1960          12   40.6250191       3.14248502E-02
 CLMB        1960          16   116.714455       1.56523231E-06
 CLMB        1960          17   119.161438       1.15488024E-06
 CLMB        1960          18   102.190376       9.61937985E-06
 CLMB        1960          19   110.422966       3.42939347E-06
 CLMB        1960          20   98.6819000       1.49614489E-05
 CLMB        1960          21   99.4082031       1.36463577E-05
 CLMB        1960          25   73.5808792       3.69877234E-04
 CLMB        1960          26   64.0073471       1.29513699E-03
 CLMB        1960          27   65.4538193       1.07013527E-03
 CLMB        1960          28   76.8043137       2.43518327E-04
 CLMB        1960          29   74.6019592       3.23979766E-04
 CLMB        1960          30   63.3576584       1.41143368E-03
 CLMB        1960          31   44.8940926       1.72234178E-02
 CLMB        1960          32   34.3010941       7.84713253E-02
 CLMB        1960          33   47.3256187       1.22867534E-02
 CLMB        1960          34   61.1807709       1.88378128E-03
 CLMB        1960          35   55.3124352       4.13153507E-03
 CLMB        1960          36   51.7674904       6.67953212E-03
 CLMB        1960          37   110.026176       3.60325680E-06
 CLMB        1960          38   110.416199       3.43234797E-06
 CLMB        1960          39   92.2324219       3.38094978E-05
 CLMB        1960          41   135.928467       1.45285370E-07
 CLMB        1960          43   92.6071243       3.22585074E-05
 CLMB        1960          44   96.3864975       1.99945844E-05
 CLMB        1960          45   98.8881149       1.45816557E-05
 CLMB        1947           1   79.3059616       1.76406480E-04
 CLMB        1947           2   94.1622391       2.64877635E-05
 CLMB        1947           3   81.2537308       1.37307070E-04
 CLMB        1947           4   27.4850826      0.220266342    
 CLMB        1947           5   19.5211048      0.812796891    
 CLMB        1947           6   34.5006104       7.61970580E-02
 CLMB        1947           7   93.4484177       2.89913842E-05
 CLMB        1947           8   108.246567       4.50245170E-06
 CLMB        1947           9   95.1889496       2.32406364E-05
 CLMB        1947          10   20.2731171      0.713730395    
 CLMB        1947          11   13.5783033       2.45990443    
 CLMB        1947          12   19.7861767      0.776243210    
 CLMB        1947          16   55.3579788       4.10603033E-03
 CLMB        1947          17   63.9222412       1.30995200E-03
 CLMB        1947          18   51.0793877       7.33664492E-03
 CLMB        1947          19   95.5634232       2.21864411E-05
 CLMB        1947          20   84.5230255       9.03067557E-05
 CLMB        1947          21   97.3069153       1.77995771E-05
 CLMB        1947          22   35.4486427       6.62945285E-02
 CLMB        1947          23   41.9365196       2.60920208E-02
 CLMB        1947          24   26.4153824      0.260512918    
 CLMB        1947          25   110.302223       3.48216622E-06
 CLMB        1947          26   105.721931       6.16832358E-06
 CLMB        1947          27   131.029495       2.65266237E-07
 CLMB        1947          28   139.042770       9.89410012E-08
 CLMB        1947          31   90.6928406       4.11000219E-05
 CLMB        1947          32   107.637482       4.85180090E-06
 CLMB        1947          33   95.4924316       2.23848292E-05
 CLMB        1947          34   63.4648285       1.39169057E-03
 CLMB        1947          35   53.1882820       5.50645450E-03
 CLMB        1947          36   68.8435287       6.85877865E-04
 CLMB        1947          37   99.3632507       1.37209963E-05
 CLMB        1947          38   99.9089432       1.28193824E-05
 CLMB        1947          39   114.534966       2.05370202E-06
 CLMB        1947          40   101.104057       1.10194096E-05
 CLMB        1947          41   94.5993042       2.50564644E-05
 CLMB        1947          42   93.0558472       3.04653131E-05
 CLMB        1947          43   58.6525955       2.63866014E-03
 CLMB        1947          44   70.6740265       5.39807661E-04
 CLMB        1947          45   47.7774162       1.15428558E-02
 CLMB        1947          46   58.8184357       2.58062547E-03
 CLMB        1947          47   69.1159363       6.61855622E-04
 CLMB        1947          48   55.4617462       4.04922245E-03
 CLMB        1948           4   142.176773       6.71931275E-08
 CLMB        1948           5   142.386856       6.55558452E-08
 CLMB        1948           7   136.128204       1.41876555E-07
 CLMB        1948           8   141.954025       6.92099675E-08
 CLMB        1948           9   119.811142       1.06443485E-06
 CLMB        1948          13   119.600616       1.09363475E-06
 CLMB        1948          14   112.375877       2.68807685E-06
 CLMB        1948          15   104.763847       6.95618610E-06
 CLMB        1948          21   143.031967       6.07770900E-08
 CLMB        1948          23   139.479080       9.39851006E-08
 CLMB        1778           1   115.473991       1.82602457E-06
 CLMB        1778           2   100.511276       1.18843800E-05
 CLMB        1778           3   118.614899       1.23468419E-06
 CLMB        1778           4   55.0110931       4.30302322E-03
 CLMB        1778           5   66.9232330       8.82156310E-04
 CLMB        1778           6   53.8952713       5.00330841E-03
 CLMB        1778           7   75.0793076       3.04544577E-04
 CLMB        1778           8   67.6142349       8.05761141E-04
 CLMB        1778           9   91.8076401       3.57030149E-05
 CLMB        1778          10   63.2842064       1.42508734E-03
 CLMB        1778          11   51.2444916       7.17294402E-03
 CLMB        1778          12   67.1718979       8.53930658E-04
 CLMB        1778          13   37.9948196       4.57975715E-02
 CLMB        1778          14   27.6748104      0.213848501    
 CLMB        1778          15   42.9053192       2.27596350E-02
 CLMB        1778          16   118.763802       1.21072367E-06
 CLMB        1778          17   104.342575       7.34297601E-06
 CLMB        1778          18   128.735962       3.52999137E-07
 CLMB        1778          19   96.7713470       1.90283026E-05
 CLMB        1778          20   91.4901047       3.71484566E-05
 CLMB        1778          21   101.814583       1.00811312E-05
 CLMB        1778          22   17.3045788       1.20574641    
 CLMB        1778          23   21.2421703      0.605160534    
 CLMB        1778          24   11.0013571       4.25425911    
 CLMB        1778          25   61.6896057       1.76064868E-03
 CLMB        1778          26   72.0420074       4.51702421E-04
 CLMB        1778          27   49.4468613       9.17296018E-03
 CLMB        1778          28   29.2692890      0.167148516    
 CLMB        1778          29   25.0600548      0.323151588    
 CLMB        1778          30   23.3238411      0.428093493    
 CLMB        1778          31   51.3089676       7.11035915E-03
 CLMB        1778          32   41.0460930       2.95996871E-02
 CLMB        1778          33   56.0491982       3.74130299E-03
 CLMB        1778          34   96.3350296       2.01244038E-05
 CLMB        1778          35   106.547882       5.56435361E-06
 CLMB        1778          36   102.099037       9.72742964E-06
 CLMB        1778          37   74.8241730       3.14676348E-04
 CLMB        1778          38   61.9243736       1.70643302E-03
 CLMB        1778          39   81.0764542       1.40442309E-04
 CLMB        1778          40   30.8817081      0.130750373    
 CLMB        1778          41   31.0867195      0.126762286    
 CLMB        1778          42   38.4138718       4.31147292E-02
 CLMB        1778          43   114.450081       2.07519656E-06
 CLMB        1778          44   115.005028       1.93525102E-06
 CLMB        1778          45   112.748024       2.56401700E-06
 CLMB        1765           1   100.581238       1.17809595E-05
 CLMB        1765           2   108.036926       4.62166508E-06
 CLMB        1765           3   116.491837       1.60751290E-06
 CLMB        1765           4   120.024582       1.03536502E-06
 CLMB        1765           5   141.388062       7.43628661E-08
 CLMB        1765           6   118.173378       1.30614239E-06
 CLMB        1765           7   45.8781853       1.50166405E-02
 CLMB        1765           8   47.6341019       1.17736328E-02
 CLMB        1765           9   54.4303818       4.65404429E-03
 CLMB        1765          10   26.9757862      0.238531232    
 CLMB        1765          11   22.2160721      0.513999939    
 CLMB        1765          12   35.2069435       6.86849356E-02
 CLMB        1765          13   7.02639246       11.6576033    
 CLMB        1765          14   2.89829969       59.2387848    
 CLMB        1765          15   9.40957546       6.17564392    
 CLMB        1765          16   71.9472122       4.57324582E-04
 CLMB        1765          17   69.6676102       6.15801488E-04
 CLMB        1765          18   70.9237671       5.22667309E-04
 CLMB        1765          19   55.7169228       3.91233061E-03
 CLMB        1765          20   67.5024567       8.17653548E-04
 CLMB        1765          21   55.7050209       3.91855882E-03
 CLMB        1765          22   32.6223259      0.100663483    
 CLMB        1765          23   34.7467499       7.34870732E-02
 CLMB        1765          24   29.3337536      0.165504172    
 CLMB        1765          25   97.8126831       1.66936825E-05
 CLMB        1765          26   107.853134       4.72656029E-06
 CLMB        1765          27   84.6828766       8.84388646E-05
 CLMB        1765          28   18.0309200       1.05743957    
 CLMB        1765          29   24.9960442      0.326483488    
 CLMB        1765          30   22.5912857      0.482969433    
 CLMB        1765          31   54.3936691       4.67706565E-03
 CLMB        1765          32   67.9806442       7.67972262E-04
 CLMB        1765          33   53.8252449       5.05061168E-03
 CLMB        1765          34   90.5300980       4.19829594E-05
 CLMB        1765          35   93.5512314       2.86074028E-05
 CLMB        1765          36   99.4177017       1.36305853E-05
 CLMB        1765          37   52.0603790       6.41828636E-03
 CLMB        1765          38   47.0317001       1.27960304E-02
 CLMB        1765          39   64.5660019       1.20328343E-03
 CLMB        1766           1   118.523354       1.24945745E-06
 CLMB        1766           2   124.656128       5.84532017E-07
 CLMB        1766           3   100.606323       1.17439031E-05
 CLMB        1766           4   117.046349       1.50249468E-06
 CLMB        1766           5   102.402405       9.36928973E-06
 CLMB        1766           6   124.567833       5.90996308E-07
 CLMB        1766           7   76.1860886       2.63856607E-04
 CLMB        1766           8   93.1863174       2.99740823E-05
 CLMB        1766           9   77.3148956       2.27968834E-04
 CLMB        1766          19   128.049408       3.83105402E-07
 CLMB        1766          20   135.210693       1.58659731E-07
 CLMB        1766          21   130.728317       2.75472757E-07
 CLMB        1766          25   142.792297       6.25474499E-08
 CLMB        1766          26   137.106323       1.25326949E-07
 CLMB        1766          30   133.101044       2.06013695E-07
 CLMB        1766          37   124.268723       6.12962651E-07
 CLMB        1766          38   134.524429       1.72833111E-07
 CLMB        1766          39   123.406075       6.82276323E-07
 CLMB        1766          40   89.5071335       4.78173642E-05
 CLMB        1766          41   106.551041       5.56205714E-06
 CLMB        1766          42   78.5848160       1.93600921E-04
 CLMB        1766          46   134.863297       1.65816459E-07
 CLMB        1766          47   127.005547       4.36884505E-07
 CLMB        1792           1   81.4296646       1.34262576E-04
 CLMB        1792           2   86.3471680       7.15352071E-05
 CLMB        1792           3   92.5865021       3.23435524E-05
 CLMB        1792          12   140.806702       7.96991060E-08
 CLMB        1792          16   139.780228       9.05825033E-08
 CLMB        1792          19   103.032951       8.65080074E-06
 CLMB        1792          20   115.778999       1.75914568E-06
 CLMB        1792          21   86.7611618       6.78394208E-05
 CLMB        1792          25   110.310921       3.47836203E-06
 CLMB        1792          26   126.429405       4.68558369E-07
 CLMB        1792          27   104.078194       7.58938313E-06
 CLMB        1792          34   102.217361       9.58749115E-06
 CLMB        1792          35   92.3801346       3.31965712E-05
 CLMB        1792          36   91.8854065       3.53505602E-05
 CLMB        1779           1   76.2971725       2.60022905E-04
 CLMB        1779           2   65.1607056       1.11244037E-03
 CLMB        1779           3   85.6561432       7.81364142E-05
 CLMB        1779           4   120.243423       1.00903753E-06
 CLMB        1779           5   115.810989       1.75215257E-06
 CLMB        1779           6   121.118668       9.04693422E-07
 CLMB        1779           7   111.451286       3.01640625E-06
 CLMB        1779           8   108.883171       4.15521481E-06
 CLMB        1779           9   127.915939       3.89615252E-07
 CLMB        1779          11   139.342987       9.55276036E-08
 CLMB        1779          31   112.832085       2.53610892E-06
 CLMB        1779          32   126.323357       4.75071488E-07
 CLMB        1779          33   97.1422806       1.81735904E-05
 CLMB        1779          43   136.409592       1.37091178E-07
 CLMB        1779          44   143.116302       6.01555286E-08
 CLMB        1779          46   131.411209       2.53624876E-07
 CLMB        1779          47   121.406662       8.72870999E-07
 CLMB        1779          48   127.417755       4.15398432E-07
 CLMB         196           1   19.2582626      0.850934267    
 CLMB         196           2   26.1287556      0.272583544    
 CLMB         196           3   18.2107162       1.02396393    
 CLMB         196           4   33.8299484       8.41283053E-02
 CLMB         196           5   26.4193153      0.260350972    
 CLMB         196           6   42.1222382       2.54163966E-02
 CLMB         196           7   74.9661255       3.09030729E-04
 CLMB         196           8   75.1607895       3.01323453E-04
 CLMB         196           9   92.0904541       3.44240361E-05
 CLMB         196          10   72.9163742       4.03092883E-04
 CLMB         196          11   73.5952454       3.69189540E-04
 CLMB         196          12   78.2515488       2.02074618E-04
 CLMB         196          13   48.0730324       1.10819284E-02
 CLMB         196          14   58.1861649       2.80814944E-03
 CLMB         196          15   42.4651299       2.42155511E-02
 CLMB         196          16   45.7033005       1.53862396E-02
 CLMB         196          17   48.1950493       1.08964527E-02
 CLMB         196          18   53.5643234       5.23238443E-03
 CLMB         196          19   75.6228867       2.83832138E-04
 CLMB         196          20   75.3117523       2.95408536E-04
 CLMB         196          21   87.4464264       6.21652216E-05
 CLMB         196          22   76.0936050       2.67065421E-04
 CLMB         196          23   74.1573639       3.43200838E-04
 CLMB         196          24   74.9564133       3.09416326E-04
 CLMB         196          25   18.9880848      0.892216086    
 CLMB         196          26   21.6219196      0.567668140    
 CLMB         196          27   27.2363453      0.228992775    
 CLMB         196          28   66.0893860       9.84443584E-04
 CLMB         196          29   71.5002136       4.84742137E-04
 CLMB         196          30   68.7293625       6.96215138E-04
 CLMB         196          31   7.86214828       9.20494652    
 CLMB         196          32   3.44132137       44.2408943    
 CLMB         196          33   10.3630657       4.92118454    
 CLMB         196          34   45.9784660       1.48093188E-02
 CLMB         196          35   57.7772598       2.96658045E-03
 CLMB         196          36   41.3050499       2.85314284E-02
 CLMB         196          37   117.855560       1.35790992E-06
 CLMB         196          38   98.4614944       1.53691490E-05
 CLMB         196          39   119.972351       1.04214541E-06
 CLMB         196          40   123.012787       7.16299326E-07
 CLMB         196          41   105.037430       6.72895749E-06
 CLMB         196          42   119.294716       1.13624731E-06
 CLMB         196          43   44.6632614       1.77869573E-02
 CLMB         196          44   49.2016640       9.48731974E-03
 CLMB         196          45   54.3387451       4.71157720E-03
 CLMB         183           1   95.9830856       2.10196285E-05
 CLMB         183           2   93.2917938       2.95779500E-05
 CLMB         183           3   87.0594940       6.53151801E-05
 CLMB         183           4   29.5198021      0.160854414    
 CLMB         183           5   28.6523457      0.183785453    
 CLMB         183           6   22.3302479      0.504333198    
 CLMB         183           7   56.5084915       3.51695972E-03
 CLMB         183           8   48.6705170       1.02063175E-02
 CLMB         183           9   56.7926941       3.38522298E-03
 CLMB         183          10   51.2127151       7.20384438E-03
 CLMB         183          11   59.2217331       2.44548614E-03
 CLMB         183          12   40.5053139       3.19646597E-02
 CLMB         183          13   91.6551285       3.63959953E-05
 CLMB         183          14   77.1827698       2.31972866E-04
 CLMB         183          15   97.7124252       1.68999213E-05
 CLMB         183          16   74.7033691       3.19709245E-04
 CLMB         183          17   61.0404625       1.91922847E-03
 CLMB         183          18   73.6630478       3.65947693E-04
 CLMB         183          19   55.8905907       3.82175087E-03
 CLMB         183          20   57.0839539       3.25544318E-03
 CLMB         183          21   55.9160461       3.80852027E-03
 CLMB         183          22   37.3989906       4.99130264E-02
 CLMB         183          23   47.4237633       1.21206501E-02
 CLMB         183          24   29.3039017      0.166262716    
 CLMB         183          25   37.5515785       4.88243178E-02
 CLMB         183          26   31.9033985      0.112097219    
 CLMB         183          27   30.7594681      0.133193329    
 CLMB         183          28   82.5918350       1.15660790E-04
 CLMB         183          29   93.2823563       2.96133676E-05
 CLMB         183          30   92.2437820       3.37622951E-05
 CLMB         183          31   68.3354263       7.33080029E-04
 CLMB         183          32   58.5783806       2.66494206E-03
 CLMB         183          33   82.7891922       1.12737936E-04
 CLMB         183          34   42.5799026       2.38270480E-02
 CLMB         183          35   41.4762573       2.78479047E-02
 CLMB         183          36   49.1102409       9.60758887E-03
 CLMB         183          37   24.1240921      0.375759751    
 CLMB         183          38   29.5055637      0.161205739    
 CLMB         183          39   16.8518887       1.30996442    
 CLMB         183          40   37.5731506       4.86726612E-02
 CLMB         183          41   27.6867905      0.213449135    
 CLMB         183          42   37.4261322       4.97180633E-02
 CLMB         183          43   21.5260715      0.576884866    
 CLMB         183          44   27.3264732      0.225790292    
 CLMB         183          45   19.9560947      0.753768444    
 CLMB         184           4   127.368591       4.17953657E-07
 CLMB         184           5   128.166275       3.77957946E-07
 CLMB         184           6   108.758537       4.21790628E-06
 CLMB         184           7   80.1153641       1.58942552E-04
 CLMB         184           8   69.1739960       6.56871183E-04
 CLMB         184           9   85.1401520       8.34544844E-05
 CLMB         184          10   111.360786       3.05102185E-06
 CLMB         184          11   98.0748672       1.61563330E-05
 CLMB         184          12   127.054131       4.34344884E-07
 CLMB         184          29   128.290375       3.72502171E-07
 CLMB         184          31   75.6483078       2.82890454E-04
 CLMB         184          32   86.5362396       6.98027870E-05
 CLMB         184          33   83.8828354       9.80210680E-05
 CLMB         184          40   114.337021       2.10387498E-06
 CLMB         184          41   129.826904       3.08256972E-07
 CLMB         184          42   124.894859       5.67100358E-07
 CLMB         184          46   76.2143860       2.62876420E-04
 CLMB         184          47   85.1583252       8.32582082E-05
 CLMB         184          48   62.0015831       1.68920250E-03
 CLMB          14           1   27.0639725      0.235257611    
 CLMB          14           2   36.1389809       5.99360131E-02
 CLMB          14           3   22.1069832      0.523422360    
 CLMB          14           4   41.8596458       2.63769664E-02
 CLMB          14           5   46.4545288       1.38613340E-02
 CLMB          14           6   36.2885780       5.86441234E-02
 CLMB          14           7   76.0726547       2.67793308E-04
 CLMB          14           8   68.5377121       7.13777670E-04
 CLMB          14           9   75.1658478       3.01123684E-04
 CLMB          14          10   7.54755545       10.0409317    
 CLMB          14          11   10.8570328       4.39489508    
 CLMB          14          12   11.2426691       4.03110886    
 CLMB          14          13   30.0453911      0.148450702    
 CLMB          14          14   28.2865028      0.194475010    
 CLMB          14          15   25.7402992      0.289907992    
 CLMB          14          16   57.2356529       3.18992441E-03
 CLMB          14          17   56.2341385       3.64912674E-03
 CLMB          14          18   69.8738174       5.99344494E-04
 CLMB          14          19   25.3735161      0.307349443    
 CLMB          14          20   25.6331234      0.294892490    
 CLMB          14          21   33.0933647       9.38410982E-02
 CLMB          14          22   61.8107643       1.73261773E-03
 CLMB          14          23   57.8770905       2.92684138E-03
 CLMB          14          24   52.2672348       6.24026079E-03
 CLMB          14          25   78.0408173       2.07668330E-04
 CLMB          14          26   83.2957611       1.05672458E-04
 CLMB          14          27   68.1882172       7.47198646E-04
 CLMB          14          28   53.8516960       5.03265765E-03
 CLMB          14          29   46.5489769       1.36817275E-02
 CLMB          14          30   56.6878738       3.43329646E-03
 CLMB          14          31   90.5159378       4.20599281E-05
 CLMB          14          32   95.9643555       2.10714788E-05
 CLMB          14          33   78.5648270       1.94097331E-04
 CLMB          14          34   44.5553818       1.80577859E-02
 CLMB          14          35   43.8769875       1.98563058E-02
 CLMB          14          36   57.2972412       3.16342292E-03
 CLMB           2           7   139.358932       9.53466994E-08
 CLMB           2          10   91.4870682       3.71623064E-05
 CLMB           2          11   84.9788742       8.52004086E-05
 CLMB           2          12   110.437790       3.42292037E-06
 CLMB           2          13   132.458252       2.22239720E-07
 CLMB           2          14   124.253578       6.14077692E-07
 CLMB           2          21   127.486267       4.11840404E-07
 CLMB           2          22   68.4811249       7.19166186E-04
 CLMB           2          23   58.9362488       2.54051946E-03
 CLMB           2          24   62.4654083       1.58855051E-03
 CLMB           2          25   109.354248       3.91955382E-06
 CLMB           2          26   97.8997726       1.65148649E-05
 CLMB           2          27   128.607254       3.58618621E-07
 CLMB           2          31   81.1456299       1.39184252E-04
 CLMB           2          32   80.9749908       1.42321383E-04
 CLMB           2          33   98.8732834       1.46089251E-05
 CLMB           2          34   125.611008       5.19107346E-07
 CLMB           2          35   131.678329       2.45518379E-07
 CLMB           2          36   105.764687       6.13682550E-06
 CLMB           2          37   78.7074280       1.90562321E-04
 CLMB           2          38   76.0077667       2.70050718E-04
 CLMB           2          39   82.8384628       1.12010544E-04
 CLMB           2          42   143.283096       5.89284959E-08
 CLMB          28           4   100.027702       1.26244713E-05
 CLMB          28           5   87.5290833       6.15216559E-05
 CLMB          28           6   93.9715881       2.71365443E-05
 CLMB          28           7   65.8773727       1.01219257E-03
 CLMB          28           8   51.7608948       6.68553123E-03
 CLMB          28           9   68.7561951       6.93782466E-04
 CLMB          28          10   125.915756       5.00207250E-07
 CLMB          28          11   112.113220       2.77613071E-06
 CLMB          28          12   119.047516       1.17084107E-06
 CLMB          28          16   117.429176       1.43057161E-06
 CLMB          28          17   138.569458       1.04869521E-07
 CLMB          28          18   115.130844       1.90371054E-06
 CLMB          28          22   100.883339       1.13360120E-05
 CLMB          28          23   91.5700684       3.67834946E-05
 CLMB          28          24   90.7072983       4.10217253E-05
 CLMB          28          25   119.235184       1.14456464E-06
 CLMB          28          26   132.329620       2.25890162E-07
 CLMB          28          27   111.110771       3.14694603E-06
 CLMB          28          31   108.041527       4.61904438E-06
 CLMB          28          32   121.662529       8.46673004E-07
 CLMB          28          33   105.834312       6.08559048E-06
 CLMB          28          35   133.117020       2.05612253E-07
 CLMB          28          40   124.253784       6.14061889E-07
 CLMB          28          41   142.584503       6.40872173E-08
 CLMB          28          42   113.370705       2.37419340E-06
 CLMB          28          46   73.1975861       3.88753542E-04
 CLMB          28          47   87.8392029       5.91178286E-05
 CLMB          28          48   66.0086136       9.94993956E-04
 CLMB          28          55   52.4994392       6.04633102E-03
 CLMB          28          56   52.9444885       5.69165265E-03
 CLMB          28          57   60.1511154       2.16043158E-03
 CLMB          15           4   135.073608       1.61479534E-07
 CLMB          15           5   137.707001       1.16817013E-07
 CLMB          15           6   128.242798       3.74592389E-07
 CLMB          15           7   79.9532242       1.62264449E-04
 CLMB          15           8   76.1632614       2.64647882E-04
 CLMB          15           9   66.1650696       9.74580704E-04
 CLMB          15          16   101.580246       1.03891289E-05
 CLMB          15          17   111.643852       2.94293363E-06
 CLMB          15          18   103.395836       8.26971427E-06
 CLMB          15          19   98.0093155       1.62904089E-05
 CLMB          15          20   88.7595291       5.25835567E-05
 CLMB          15          21   112.346054       2.69805173E-06
 CLMB          15          22   122.143028       7.97773566E-07
 CLMB          15          23   107.719017       4.80333028E-06
 CLMB          15          24   122.294098       7.82478651E-07
 CLMB          15          25   117.805130       1.36615074E-06
 CLMB          15          26   101.620377       1.03362836E-05
 CLMB          15          27   130.730865       2.75380785E-07
 CLMB          15          28   69.3067780       6.45502936E-04
 CLMB          15          29   75.4331894       2.90878903E-04
 CLMB          15          30   57.7435112       2.98004551E-03
 CLMB          15          31   139.487915       9.38850206E-08
 CLMB          15          32   133.325745       2.00378267E-07
 CLMB          15          43   127.747917       3.98288790E-07
 CLMB          15          44   128.340027       3.70321999E-07
 CLMB          15          45   115.260017       1.87315322E-06
 CLMB          16           1   125.826241       5.05749824E-07
 CLMB          16           3   121.576050       8.55515850E-07
 CLMB          16          10   135.336151       1.56084241E-07
 CLMB          16          11   121.460785       8.67320296E-07
 CLMB         392           1   78.7055206       1.90609629E-04
 CLMB         392           2   68.3450623       7.32157729E-04
 CLMB         392           3   84.0127182       9.63765997E-05
 CLMB         392           4   130.949753       2.67706639E-07
 CLMB         392           5   111.358452       3.05191475E-06
 CLMB         392           6   140.754654       8.01790847E-08
 CLMB         392          10   78.0389709       2.07717501E-04
 CLMB         392          11   65.1105270       1.11972063E-03
 CLMB         392          12   76.0426559       2.68836622E-04
 CLMB         392          16   95.7332840       2.17129200E-05
 CLMB         392          17   105.778801       6.12643316E-06
 CLMB         392          18   110.090286       3.57508270E-06
 CLMB         392          19   107.509895       4.93348216E-06
 CLMB         392          20   115.466454       1.82768065E-06
 CLMB         392          21   90.5718460       4.17561569E-05
 CLMB         392          22   132.657043       2.17204672E-07
 CLMB         392          24   130.167007       2.95833928E-07
 CLMB         379           1   90.4128571       4.26210099E-05
 CLMB         379           2   104.992661       6.76606214E-06
 CLMB         379           3   76.6243896       2.49344186E-04
 CLMB         379           7   131.547073       2.49497361E-07
 CLMB         379           9   121.778046       8.34882599E-07
 CLMB         379          10   91.9552765       3.50343653E-05
 CLMB         379          11   78.7765732       1.88852995E-04
 CLMB         379          12   102.115349       9.70812198E-06
 CLMB         379          19   103.327896       8.34085768E-06
 CLMB         379          20   104.569107       7.13283907E-06
 CLMB         379          21   93.4141159       2.91196720E-05
 CLMB         379          28   103.143852       8.53405345E-06
 CLMB         379          29   120.561752       9.70911174E-07
 CLMB         379          30   90.8364105       4.03740924E-05
 CLMB         379          37   124.320427       6.09157553E-07
 CLMB         379          38   117.311340       1.45266017E-06
 CLMB         379          42   130.165649       2.95883382E-07
 CLMB         380           6   137.406204       1.21019269E-07
 CLMB         210           2   133.424500       1.97907752E-07
 CLMB         210           7   64.7303543       1.17724761E-03
 CLMB         210           8   67.2929230       8.40388704E-04
 CLMB         210           9   78.7231216       1.90174120E-04
 CLMB         210          10   85.4686813       8.00123962E-05
 CLMB         210          11   84.3986130       9.17654179E-05
 CLMB         210          12   103.874321       7.78024878E-06
 CLMB         210          13   80.7000351       1.47437298E-04
 CLMB         210          14   73.5063858       3.73447663E-04
 CLMB         210          15   81.3051987       1.36415023E-04
 CLMB         210          19   134.519958       1.72925908E-07
 CLMB         210          20   124.477867       5.97591622E-07
 CLMB         210          21   119.696487       1.08032475E-06
 CLMB         210          22   104.141930       7.52986625E-06
 CLMB         210          23   94.1185455       2.66362294E-05
 CLMB         210          24   111.353622       3.05376352E-06
 CLMB         210          34   106.457039       5.63032290E-06
 CLMB         210          35   123.643517       6.61840261E-07
 CLMB         210          36   108.800919       4.19657272E-06
 CLMB         210          37   131.313034       2.56612338E-07
 CLMB         210          38   114.852219       1.97365239E-06
 CLMB         210          39   126.981865       4.38123578E-07
 CLMB         210          40   132.379486       2.24395393E-07
 CLMB         210          42   125.597031       5.19976538E-07
 CLMB         197           1   99.2168655       1.39794483E-05
 CLMB         197           2   94.8858032       2.41713697E-05
 CLMB         197           3   106.641251       5.49666584E-06
 CLMB         197           4   129.636963       3.15222934E-07
 CLMB         197           5   142.331406       6.59686847E-08
 CLMB         197           6   133.680466       1.91521025E-07
 CLMB         197           7   49.7257805       8.82916059E-03
 CLMB         197           8   60.9956474       1.93058432E-03
 CLMB         197           9   53.6814117       5.15042804E-03
 CLMB         197          11   130.386597       2.87847570E-07
 CLMB         197          16   78.8143616       1.87920057E-04
 CLMB         197          17   91.6440582       3.64463849E-05
 CLMB         197          18   86.9996796       6.58198769E-05
 CLMB         197          23   136.291855       1.39091000E-07
 CLMB         197          31   104.586166       7.11704661E-06
 CLMB         197          32   98.7961807       1.47507817E-05
 CLMB         197          33   106.306625       5.73979742E-06
 CLMB         197          34   58.7341805       2.60984479E-03
 CLMB         197          35   73.1859818       3.89343273E-04
 CLMB         197          36   61.7360077       1.74989970E-03
 CLMB         197          37   51.2940979       7.12477975E-03
 CLMB         197          38   46.2554474       1.42497355E-02
 CLMB         197          39   42.9495468       2.26181075E-02
 CLMB         197          52   119.498489       1.10783719E-06
 CLMB         197          53   129.567230       3.17785720E-07
 CLMB         197          54   107.723892       4.80053359E-06
 CLMB         198          28   117.485184       1.42008821E-06
 CLMB         198          29   106.732819       5.43520900E-06
 CLMB         198          30   132.837982       2.12635030E-07
 CLMB         224          29   138.899490       1.00575264E-07
 CLMB         211          13   132.425842       2.23061747E-07
 CLMB         211          14   124.567871       5.90993295E-07
 CLMB         211          15   116.361679       1.63235745E-06
 CLMB         211          37   97.0143204       1.84651726E-05
 CLMB         211          38   108.335426       4.45206297E-06
 CLMB         211          39   100.155174       1.24157632E-05
 CLMB        1764          13   137.510101       1.19565712E-07
 CLMB        1764          15   138.959549       9.98898741E-08
 CLMB        1751          10   100.483040       1.19261576E-05
 CLMB        1751          11   112.423889       2.67202358E-06
 CLMB        1751          12   108.519577       4.34789445E-06
 CLMB        1751          40   118.236992       1.29581326E-06
 CLMB        1751          41   133.168503       2.04319818E-07
 CLMB        1751          42   129.719360       3.12198637E-07
 CLMB        1582           7   138.888458       1.00701314E-07
 CLMB        1582           9   122.171700       7.94868015E-07
 CLMB        1582          13   119.448502       1.11479756E-06
 CLMB        1582          14   106.739777       5.43068472E-06
 CLMB        1582          15   118.718651       1.21796973E-06
 CLMB        1582          23   136.301941       1.38919702E-07
 CLMB        1582          25   118.848831       1.19875108E-06
 CLMB        1582          26   125.788048       5.08116443E-07
 CLMB        1582          27   125.791336       5.07912432E-07
 CLMB        1569          10   108.779259       4.20747210E-06
 CLMB        1569          11   95.8012238       2.15240070E-05
 CLMB        1569          12   101.893654       9.97752068E-06
 CLMB        1569          22   140.065903       8.73682424E-08
 CLMB        1569          23   142.252762       6.65546764E-08
 CLMB        1569          24   127.064735       4.33790717E-07
 CLMB        1569          26   143.659485       5.61697888E-08
 CLMB        1569          31   130.051971       3.00028631E-07
 CLMB        1569          32   138.904266       1.00520701E-07
 CLMB        1569          33   126.635750       4.56279537E-07
 CLMB        1569          34   143.743439       5.55565229E-08
 CLMB        1569          35   137.575150       1.18656772E-07
 CLMB        1946           9   127.272285       4.22965286E-07
 CLMB        1946          29   139.368744       9.52353858E-08
 CLMB        1946          33   141.057632       7.73904816E-08
 CLMB        1946          37   97.5252838       1.73054304E-05
 CLMB        1946          38   82.3048859       1.19935547E-04
 CLMB        1946          39   111.351448       3.05459662E-06
 CLMB        1946          46   142.809372       6.24211651E-08
 CLMB        1946          47   137.081406       1.25745643E-07
 CLMB        1933          28   116.861801       1.53733595E-06
 CLMB        1933          29   138.423874       1.06875945E-07
 CLMB        1933          30   113.719063       2.27290002E-06
 CLMB        1933          31   116.174400       1.67297060E-06
 CLMB        1933          32   127.874886       3.91732527E-07
 CLMB        1933          33   99.0205994       1.43384950E-05
 CLMB        1933          36   133.239822       2.02531041E-07
 CLMB        1959           2   125.734955       5.11409326E-07
 CLMB        1777          13   86.2602158       7.23344056E-05
 CLMB        1777          14   71.3148956       4.96685388E-04
 CLMB        1777          15   97.9215317       1.64702415E-05
 CLMB        1777          16   108.961670       4.11580186E-06
 CLMB        1777          17   105.275391       6.53227789E-06
 CLMB        1777          18   100.794464       1.14666309E-05
 CLMB        1777          37   126.584663       4.59042724E-07
 CLMB        1777          38   132.944183       2.09958785E-07
 CLMB        1777          39   115.929794       1.72621094E-06
 CLMB        1777          46   129.789185       3.09638722E-07
 CLMB        1777          47   113.318367       2.38946723E-06
 CLMB        1777          48   135.126221       1.60396539E-07
 CLMB        1791          42   137.500931       1.19693851E-07
 CLMB         182           4   128.378769       3.68622437E-07
 CLMB         182           5   140.866669       7.91466377E-08
 CLMB         182           6   116.856895       1.53826295E-06
 CLMB         182           7   124.206253       6.17563558E-07
 CLMB         182           8   141.552994       7.28569773E-08
 CLMB         182           9   128.231613       3.75084056E-07
 CLMB         182          19   138.059708       1.11913089E-07
 CLMB         182          20   129.251602       3.30597288E-07
 CLMB         182          25   131.033340       2.65148685E-07
 CLMB         182          27   131.499695       2.50935813E-07
 CLMB         182          46   141.413559       7.41298933E-08
 CLMB         182          47   142.720871       6.30761932E-08
 CLMB         169           4   127.717583       3.99856901E-07
 CLMB         169           5   122.891289       7.26853500E-07
 CLMB         169           6   127.216179       4.25888118E-07
 CLMB         169          14   132.399139       2.23806595E-07
 CLMB         169          19   113.385284       2.36994310E-06
 CLMB         169          20   109.680840       3.75736158E-06
 CLMB         169          21   125.609650       5.19191815E-07
 CLMB         169          36   135.522568       1.52266054E-07
 CLMB         170          35   136.165924       1.41233869E-07
 CLMB         170          36   140.394516       8.36869845E-08
 CLMB         195           7   113.117020       2.44835314E-06
 CLMB         195           8   123.466408       6.77076173E-07
 CLMB         195           9   128.809723       3.49783420E-07
 CLMB         195          17   140.213135       8.57167635E-08
 CLMB          13          10   103.342888       8.32514979E-06
 CLMB          13          11   87.4531708       6.21126455E-05
 CLMB          13          12   111.474182       3.00765646E-06
 CLMB          13          16   134.649124       1.70247176E-07
 CLMB          13          18   122.770653       7.37353787E-07
 CLMB          13          25   139.005173       9.93694798E-08
 CLMB          13          28   125.207535       5.44369072E-07
 CLMB          13          29   136.802689       1.30439005E-07
 CLMB          13          30   122.959793       7.20900175E-07
 CLMB          13          37   85.3306198       8.14011801E-05
 CLMB          13          38   97.5757675       1.71915108E-05
 CLMB          13          39   93.6337357       2.82998808E-05
 CLMB          13          44   142.649200       6.36073310E-08
 CLMB          13          46   102.218384       9.58628061E-06
 CLMB          13          47   85.3865280       8.08371478E-05
 CLMB          13          48   110.167778       3.54106669E-06
 CLMB          13          52   128.799500       3.50228646E-07
 CLMB          13          54   127.215363       4.25930580E-07
 CLMB         365           9   130.685913       2.77004943E-07
 CLMB         391          19   133.498917       1.96048234E-07
 CLMB         391          21   139.416382       9.46952952E-08
 CLMB         209          22   139.535538       9.33461024E-08
 CLMB         209          23   118.822121       1.20251025E-06
 CLMB         209          44   134.948532       1.64056999E-07
 CLMB         209          45   142.004852       6.87491166E-08
