 CLMB           1           1   56.031673719364797        3.7501199585900074E-003
 CLMB           1           2   57.874621625818634        2.9278243828874079E-003
 CLMB           1           3   69.725763187985606        6.1109627198309836E-004
 CLMB           1           4   45.098283814430722        1.6739740041668876E-002
 CLMB           1           5   34.111193955876189        8.0702177380406401E-002
 CLMB           1           6   45.715083847770657        1.5360856271759992E-002
 CLMB           1          10   59.997205175497221        2.2048389027554023E-003
 CLMB           1          11   67.939566302278493        7.7211672649859944E-004
 CLMB           1          12   68.263037374165407        7.4001544014045881E-004
 CLMB           1          13   27.382353291708135       0.22382757771886297     
 CLMB           1          14   35.857892546149401        6.2445114913104803E-002
 CLMB           1          15   32.765537359119875        9.8536674188420714E-002
 CLMB           1          16   17.576048284318706        1.1477436040698117     
 CLMB           1          17   11.389938148308138        3.9018734064807843     
 CLMB           1          18   18.117824910777696        1.0411086617265011     
 CLMB           1          19   45.370502154606555        1.6115938480545683E-002
 CLMB           1          20   39.262729883248525        3.8169351627424922E-002
 CLMB           1          21   40.879981151045612        3.0305930793813319E-002
 CLMB           1          22   7.5565769585143601        10.015614636767374     
 CLMB           1          23   9.8111028773894855        5.6040338083460641     
 CLMB           1          24   12.854198041881768        2.8532315420925207     
 CLMB           1          25   33.669076510393310        8.6155317526392466E-002
 CLMB           1          26   41.049885962401781        2.9583785308320145E-002
 CLMB           1          27   40.420489894617283        3.2351897179865197E-002
 CLMB           1          28   24.445672280513040       0.35671232680305059     
 CLMB           1          29   18.014525894824793        1.0605536774375912     
 CLMB           1          30   32.757145828823639        9.8659884432033551E-002
 CLMB           1          31   9.7116937565972492        5.7391969152082378     
 CLMB           1          32   6.4070389650865032        14.058660654955471     
 CLMB           1          33   7.6693264009864315        9.7060941235132550     
 CLMB           1          34   13.916314794807693        2.2982663848523472     
 CLMB           1          35   12.648970265161328        2.9778907466365778     
 CLMB           1          36   9.0889559299363025        6.6851887029180448     
 CLMB           1          37   11.326812892270725        3.9566457247159788     
 CLMB           1          38   17.324052759068980        1.2014762936574963     
 CLMB           1          39   13.560834285469893        2.4686132113479187     
 CLMB           1          40   39.526914775525711        3.6753089735275100E-002
 CLMB           1          41   51.204757668478855        7.2115902395401606E-003
 CLMB           1          42   41.897655455216331        2.6235072223407985E-002
 CLMB        1960           1   84.580427258373092        8.9635206329761468E-005
 CLMB        1960           2   83.014446620781570        1.0954160815518879E-004
 CLMB        1960           3   81.383555456931376        1.3505923968586478E-004
 CLMB        1960           4   90.306146703333738        4.3203221008521996E-005
 CLMB        1960           5   93.968926352823559        2.7145629783707703E-005
 CLMB        1960           6   83.362530714694387        1.0475806702051754E-004
 CLMB        1960           7   79.390689990269763        1.7445721742469325E-004
 CLMB        1960           8   79.815595087002180        1.6521369666231062E-004
 CLMB        1960           9   87.963499040144981        5.8172182814337973E-005
 CLMB        1960          10   50.786989352042653        7.6352779987543858E-003
 CLMB        1960          11   61.864716235443538        1.7201707944577932E-003
 CLMB        1960          12   40.625019755757329        3.1424862397819407E-002
 CLMB        1960          16   116.71442423088271        1.5652387779269431E-006
 CLMB        1960          17   119.16142764812685        1.1548831419012160E-006
 CLMB        1960          18   102.19029530046379        9.6194717010596418E-006
 CLMB        1960          19   110.42291469995081        3.4294176427657199E-006
 CLMB        1960          20   98.681875820605100        1.4961509568346263E-005
 CLMB        1960          21   99.408150570902862        1.3646458402835692E-005
 CLMB        1960          25   73.580913970729441        3.6987565376603890E-004
 CLMB        1960          26   64.007260610974768        1.2951518784451610E-003
 CLMB        1960          27   65.453711556389152        1.0701507311539171E-003
 CLMB        1960          28   76.804319415084933        2.4351823774896455E-004
 CLMB        1960          29   74.601983634476937        3.2397852465627529E-004
 CLMB        1960          30   63.357680383463844        1.4114297885265425E-003
 CLMB        1960          31   44.894002361413030        1.7223639650461409E-002
 CLMB        1960          32   34.301036797804088        7.8472005484291243E-002
 CLMB        1960          33   47.325693482989735        1.2286630111857868E-002
 CLMB        1960          34   61.180808550164954        1.8837716426339354E-003
 CLMB        1960          35   55.312503492164083        4.1315002402795798E-003
 CLMB        1960          36   51.767462923747054        6.6795595270096710E-003
 CLMB        1960          37   110.02607655648373        3.6033043556964649E-006
 CLMB        1960          38   110.41615662289645        3.4323684383739714E-006
 CLMB        1960          39   92.232330196758085        3.3809917488313162E-005
 CLMB        1960          41   135.92849409886807        1.4528506791997667E-007
 CLMB        1960          43   92.607002142313675        3.2259040923189558E-005
 CLMB        1960          44   96.386404389729250        1.9994840821952139E-005
 CLMB        1960          45   98.888075913433681        1.4581744202116830E-005
 CLMB        1947           1   79.305974567689873        1.7640605570425503E-004
 CLMB        1947           2   94.162324154159279        2.6487501333434892E-005
 CLMB        1947           3   81.253753531053064        1.3730671919301028E-004
 CLMB        1947           4   27.485008078003954       0.22026896989987976     
 CLMB        1947           5   19.521075636901898       0.81280095997544843     
 CLMB        1947           6   34.500552849115913        7.6197697350260982E-002
 CLMB        1947           7   93.448319641992569        2.8991763905845014E-005
 CLMB        1947           8   108.24638497802489        4.5025562479706846E-006
 CLMB        1947           9   95.188845513185058        2.3240968884403681E-005
 CLMB        1947          10   20.273035498338089       0.71374069726062894     
 CLMB        1947          11   13.578318014701475        2.4598974601922525     
 CLMB        1947          12   19.786161947086470       0.77624510526415624     
 CLMB        1947          16   55.357934229492763        4.1060578279665970E-003
 CLMB        1947          17   63.922252038592617        1.3099504619370019E-003
 CLMB        1947          18   51.079321569255754        7.3367131864697007E-003
 CLMB        1947          19   95.563295077376509        2.2186811864340543E-005
 CLMB        1947          20   84.523028820298990        9.0306725601107870E-005
 CLMB        1947          21   97.306909700578586        1.7799605986550090E-005
 CLMB        1947          22   35.448686054441708        6.6294144143894590E-002
 CLMB        1947          23   41.936457276538754        2.6092257277477736E-002
 CLMB        1947          24   26.415381945918256       0.26051302317794300     
 CLMB        1947          25   110.30227309158130        3.4821480677278445E-006
 CLMB        1947          26   105.72182710220308        6.1684016328669180E-006
 CLMB        1947          27   131.02941920367513        2.6526856424385027E-007
 CLMB        1947          28   139.04274949345597        9.8941326805188517E-008
 CLMB        1947          31   90.692794825651276        4.1100291540570110E-005
 CLMB        1947          32   107.63748715915284        4.8517966161692044E-006
 CLMB        1947          33   95.492452881589685        2.2384790270317991E-005
 CLMB        1947          34   63.464770337039084        1.3917012587047737E-003
 CLMB        1947          35   53.188225189687302        5.5064971246597304E-003
 CLMB        1947          36   68.843547880291339        6.8587628530765291E-004
 CLMB        1947          37   99.363125886375087        1.3721225730640651E-005
 CLMB        1947          38   99.908864645428523        1.2819521826608053E-005
 CLMB        1947          39   114.53493864549583        2.0537102517974916E-006
 CLMB        1947          40   101.10408308312229        1.1019386020600429E-005
 CLMB        1947          41   94.599214920943339        2.5056766652609542E-005
 CLMB        1947          42   93.055741601389954        3.0465741914020759E-005
 CLMB        1947          43   58.652634991739895        2.6386465382927421E-003
 CLMB        1947          44   70.673973107997483        5.3981153111563548E-004
 CLMB        1947          45   47.777436488568021        1.1542829203274020E-002
 CLMB        1947          46   58.818399705972354        2.5806383779474903E-003
 CLMB        1947          47   69.115857548410958        6.6186230359205865E-004
 CLMB        1947          48   55.461670212788661        4.0492651153321525E-003
 CLMB        1948           4   142.17673702268644        6.7193594151662912E-008
 CLMB        1948           5   142.38679870048549        6.5556454121548183E-008
 CLMB        1948           7   136.12816662605809        1.4187732742645199E-007
 CLMB        1948           8   141.95403519472575        6.9209975496586007E-008
 CLMB        1948           9   119.81104153438660        1.0644501714696551E-006
 CLMB        1948          13   119.60062027233367        1.0936354191429513E-006
 CLMB        1948          14   112.37589285507539        2.6880718666371186E-006
 CLMB        1948          15   104.76381170173364        6.9562209966722874E-006
 CLMB        1948          21   143.03197450123736        6.0777141467242509E-008
 CLMB        1948          23   139.47903709210303        9.3985618957989852E-008
 CLMB        1778           1   115.47407900812816        1.8260059760650236E-006
 CLMB        1778           2   100.51127115844159        1.1884396386763719E-005
 CLMB        1778           3   118.61502229881225        1.2346659271485742E-006
 CLMB        1778           4   55.011012822897840        4.3030716058563472E-003
 CLMB        1778           5   66.923166996775677        8.8216465775032735E-004
 CLMB        1778           6   53.895267666994236        5.0033115096421452E-003
 CLMB        1778           7   75.079327223284579        3.0454392140348910E-004
 CLMB        1778           8   67.614086761850189        8.0577734344228723E-004
 CLMB        1778           9   91.807560793715126        3.5703407802304688E-005
 CLMB        1778          10   63.284142643767048        1.4251004068157418E-003
 CLMB        1778          11   51.244416033929390        7.1730172817464155E-003
 CLMB        1778          12   67.171794313529432        8.5394292102972276E-004
 CLMB        1778          13   37.994768212820553        4.5797928208755639E-002
 CLMB        1778          14   27.674746951216157       0.21385070681707422     
 CLMB        1778          15   42.905214515555159        2.2759981259837629E-002
 CLMB        1778          16   118.76384651800105        1.2107185697994933E-006
 CLMB        1778          17   104.34250902546825        7.3430407348956310E-006
 CLMB        1778          18   128.73587153965502        3.5300300065323327E-007
 CLMB        1778          19   96.771215130705642        1.9028645733755856E-005
 CLMB        1778          20   91.490128320582471        3.7148360499015416E-005
 CLMB        1778          21   101.81459234197519        1.0081118393873727E-005
 CLMB        1778          22   17.304560734704690        1.2057503155662375     
 CLMB        1778          23   21.242169195557150       0.60516077494030973     
 CLMB        1778          24   11.001363441245259        4.2542538426732994     
 CLMB        1778          25   61.689592842500410        1.7606517064480346E-003
 CLMB        1778          26   72.041978312274793        4.5170413122110932E-004
 CLMB        1778          27   49.446774601613875        9.1730709801506258E-003
 CLMB        1778          28   29.269232132404635       0.16714998735819966     
 CLMB        1778          29   25.060002985786380       0.32315433294002766     
 CLMB        1778          30   23.323829410504366       0.42809431378199436     
 CLMB        1778          31   51.308881442380695        7.1104434660775803E-003
 CLMB        1778          32   41.046023981069439        2.9599973456748294E-002
 CLMB        1778          33   56.049170691925241        3.7413169272018285E-003
 CLMB        1778          34   96.334947237661723        2.0124626185025746E-005
 CLMB        1778          35   106.54781702850912        5.5643981286880555E-006
 CLMB        1778          36   102.09897101704074        9.7275101766362413E-006
 CLMB        1778          37   74.824028420753280        3.1468199715243065E-004
 CLMB        1778          38   61.924342577540394        1.7064400276360272E-003
 CLMB        1778          39   81.076358500544686        1.4044420525095630E-004
 CLMB        1778          40   30.881677804513920       0.13075101174735354     
 CLMB        1778          41   31.086650260324362       0.12676360866231565     
 CLMB        1778          42   38.413848368307541        4.3114890080282929E-002
 CLMB        1778          43   114.45014536913258        2.0751809909553853E-006
 CLMB        1778          44   115.00487437643677        1.9352904997610856E-006
 CLMB        1778          45   112.74797655942332        2.5640356580886868E-006
 CLMB        1765           1   100.58135934359923        1.1780785986304423E-005
 CLMB        1765           2   108.03695498106565        4.6216483518590164E-006
 CLMB        1765           3   116.49189855384495        1.6075020662432977E-006
 CLMB        1765           4   120.02462254072664        1.0353608126350888E-006
 CLMB        1765           5   141.38795432909913        7.4363964603130993E-008
 CLMB        1765           6   118.17321687226242        1.3061693820023566E-006
 CLMB        1765           7   45.878158751279138        1.5016703928760415E-002
 CLMB        1765           8   47.634110560227853        1.1773626421708469E-002
 CLMB        1765           9   54.430332230583637        4.6540773557391243E-003
 CLMB        1765          10   26.975790189203092       0.23853106823236503     
 CLMB        1765          11   22.216060146045081       0.51400096465195166     
 CLMB        1765          12   35.206900660293307        6.8685384235855712E-002
 CLMB        1765          13   7.0263807963161469        11.657644107767554     
 CLMB        1765          14   2.8982982017461811        59.238839973603312     
 CLMB        1765          15   9.4095259425400304        6.1757199493902633     
 CLMB        1765          16   71.947200364350238        4.5732558492568993E-004
 CLMB        1765          17   69.667561914371404        6.1580551075176562E-004
 CLMB        1765          18   70.923709522381316        5.2267167447759796E-004
 CLMB        1765          19   55.716889387462075        3.9123486246293963E-003
 CLMB        1765          20   67.502378837081892        8.1766224460721733E-004
 CLMB        1765          21   55.704986816088116        3.9185773515956011E-003
 CLMB        1765          22   32.622275524868400       0.10066426419344821     
 CLMB        1765          23   34.746724891763023        7.3487355832560317E-002
 CLMB        1765          24   29.333759041828102       0.16550404249784501     
 CLMB        1765          25   97.812635025228630        1.6693796084965653E-005
 CLMB        1765          26   107.85320083913402        4.7265208422543890E-006
 CLMB        1765          27   84.682902070334009        8.8438590194451507E-005
 CLMB        1765          28   18.030904406542426        1.0574426861889825     
 CLMB        1765          29   24.996014675966233       0.32648513624575271     
 CLMB        1765          30   22.591243186321812       0.48297297846637066     
 CLMB        1765          31   54.393649655494613        4.6770791198913544E-003
 CLMB        1765          32   67.980560665793917        7.6798079994827909E-004
 CLMB        1765          33   53.825183625389180        5.0506533208700445E-003
 CLMB        1765          34   90.530069022426346        4.1983147159387684E-005
 CLMB        1765          35   93.551239691079715        2.8607385825845386E-005
 CLMB        1765          36   99.417601238275978        1.3630773363073940E-005
 CLMB        1765          37   52.060332071165348        6.4183296107341390E-003
 CLMB        1765          38   47.031694480541475        1.2796042328577282E-002
 CLMB        1765          39   64.566019322490817        1.2032812547453898E-003
 CLMB        1766           1   118.52337402921671        1.2494548077154749E-006
 CLMB        1766           2   124.65613602424131        5.8453155361159683E-007
 CLMB        1766           3   100.60632792058621        1.1743910156908856E-005
 CLMB        1766           4   117.04634797137240        1.5024966382547734E-006
 CLMB        1766           5   102.40241460604902        9.3692738708277287E-006
 CLMB        1766           6   124.56781293471772        5.9099771566161331E-007
 CLMB        1766           7   76.186114206316887        2.6385583758692675E-004
 CLMB        1766           8   93.186301103080481        2.9974163382724252E-005
 CLMB        1766           9   77.314897663623697        2.2796899451361558E-004
 CLMB        1766          19   128.04932616778333        3.8310937926546660E-007
 CLMB        1766          20   135.21061277813155        1.5866153160738630E-007
 CLMB        1766          21   130.72819337599046        2.7547722818705815E-007
 CLMB        1766          25   142.79226924526907        6.2547780199072232E-008
 CLMB        1766          26   137.10633769204227        1.2532664186562436E-007
 CLMB        1766          30   133.10104319808215        2.0601371657205655E-007
 CLMB        1766          37   124.26863073510813        6.1296924214768858E-007
 CLMB        1766          38   134.52434568839715        1.7283510954053177E-007
 CLMB        1766          39   123.40605572907923        6.8227791725636358E-007
 CLMB        1766          40   89.507029741046935        4.7818024803827424E-005
 CLMB        1766          41   106.55100815280375        5.5620827846899819E-006
 CLMB        1766          42   78.584777352662385        1.9360201155358385E-004
 CLMB        1766          46   134.86329156717179        1.6581678079730664E-007
 CLMB        1766          47   127.00541802401899        4.3689165935716703E-007
 CLMB        1792           1   81.429736319384460        1.3426136066218747E-004
 CLMB        1792           2   86.347272869462358        7.1534255354939284E-005
 CLMB        1792           3   92.586534968521320        3.2343436422175415E-005
 CLMB        1792          12   140.80664744144531        7.9699709698225004E-008
 CLMB        1792          16   139.78022652827795        9.0582515363174295E-008
 CLMB        1792          19   103.03293154740069        8.6508203412867336E-006
 CLMB        1792          20   115.77893956150525        1.7591602116247262E-006
 CLMB        1792          21   86.761064345363749        6.7840286341863876E-005
 CLMB        1792          25   110.31086072073488        3.4783907461395526E-006
 CLMB        1792          26   126.42937732927469        4.6856039559749631E-007
 CLMB        1792          27   104.07805736307635        7.5895131319487889E-006
 CLMB        1792          34   102.21732338696931        9.5875339497140500E-006
 CLMB        1792          35   92.380110451997851        3.3196709478963303E-005
 CLMB        1792          36   91.885369442362617        3.5350746326392274E-005
 CLMB        1779           1   76.297212869809897        2.6002174171574794E-004
 CLMB        1779           2   65.160750065430719        1.1124340965242496E-003
 CLMB        1779           3   85.656172261525057        7.8136191309365727E-005
 CLMB        1779           4   120.24349374190396        1.0090296646736057E-006
 CLMB        1779           5   115.81107385427771        1.7521347344802820E-006
 CLMB        1779           6   121.11873310886958        9.0468576952999554E-007
 CLMB        1779           7   111.45126718105796        3.0164138514660663E-006
 CLMB        1779           8   108.88322122238907        4.1551908558928524E-006
 CLMB        1779           9   127.91594442232216        3.8961528889975807E-007
 CLMB        1779          11   139.34292659755681        9.5528341617531540E-008
 CLMB        1779          31   112.83210116342816        2.5361056317717732E-006
 CLMB        1779          32   126.32333178129714        4.7507345160091609E-007
 CLMB        1779          33   97.142237825346299        1.8173710889436768E-005
 CLMB        1779          43   136.40953996086159        1.3709216262706230E-007
 CLMB        1779          44   143.11628438926309        6.0155776793804531E-008
 CLMB        1779          46   131.41116809605370        2.5362600794079684E-007
 CLMB        1779          47   121.40667274594900        8.7287020352019983E-007
 CLMB        1779          48   127.41766013514365        4.1540351092921161E-007
 CLMB         196           1   19.258186797774957       0.85094560636218552     
 CLMB         196           2   26.128703125231048       0.27258589396242466     
 CLMB         196           3   18.210660333281581        1.0239743802259573     
 CLMB         196           4   33.829907307990787        8.4128832436987613E-002
 CLMB         196           5   26.419310191466575       0.26035123443472824     
 CLMB         196           6   42.122205043310210        2.5416520512168105E-002
 CLMB         196           7   74.966124166539259        3.0903076505542018E-004
 CLMB         196           8   75.160710707881918        3.0132660892502090E-004
 CLMB         196           9   92.090405646632263        3.4424290398824211E-005
 CLMB         196          10   72.916333300939598        4.0309497291077863E-004
 CLMB         196          11   73.595204367867410        3.6919160367470191E-004
 CLMB         196          12   78.251436609865976        2.0207779465003772E-004
 CLMB         196          13   48.073068032797771        1.1081878652959948E-002
 CLMB         196          14   58.186169052343132        2.8081484851822862E-003
 CLMB         196          15   42.465141604240635        2.4215509096032244E-002
 CLMB         196          16   45.703332443610222        1.5386172895951528E-002
 CLMB         196          17   48.195032246048434        1.0896478861186143E-002
 CLMB         196          18   53.564272332931580        5.2324207044001222E-003
 CLMB         196          19   75.622794754161305        2.8383568030332211E-004
 CLMB         196          20   75.311759457306053        2.9540844311681444E-004
 CLMB         196          21   87.446395911347764        6.2165464209923145E-005
 CLMB         196          22   76.093606913305294        2.6706551871960230E-004
 CLMB         196          23   74.157309247665296        3.4320339397477109E-004
 CLMB         196          24   74.956422326755657        3.0941593146363306E-004
 CLMB         196          25   18.988070077995605       0.89221850131543534     
 CLMB         196          26   21.621895675481110       0.56767047421784234     
 CLMB         196          27   27.236333107940872       0.22899328715214928     
 CLMB         196          28   66.089364749597877        9.8444642524907178E-004
 CLMB         196          29   71.500208839877942        4.8474286134828174E-004
 CLMB         196          30   68.729345254340515        6.9621654767500142E-004
 CLMB         196          31   7.8621494604980233        9.2049432861718277     
 CLMB         196          32   3.4413356932718706        44.240577820436549     
 CLMB         196          33   10.363066836066853        4.9211841881702680     
 CLMB         196          34   45.978506698569454        1.4809242264017947E-002
 CLMB         196          35   57.777331485920293        2.9665534796569273E-003
 CLMB         196          36   41.305064906757728        2.8531377617166495E-002
 CLMB         196          37   117.85562563116412        1.3579007393817588E-006
 CLMB         196          38   98.461508417340809        1.5369130869278801E-005
 CLMB         196          39   119.97235741300331        1.0421451256686584E-006
 CLMB         196          40   123.01278073881547        7.1629985804295012E-007
 CLMB         196          41   105.03743540914564        6.7289579156527822E-006
 CLMB         196          42   119.29474770588656        1.1362432877423636E-006
 CLMB         196          43   44.663277483369171        1.7786916471835962E-002
 CLMB         196          44   49.201677477998608        9.4873051334672318E-003
 CLMB         196          45   54.338677393386021        4.7116231696779642E-003
 CLMB         183           1   95.983180389947591        2.1019383057015113E-005
 CLMB         183           2   93.291807551830743        2.9577919020584438E-005
 CLMB         183           3   87.059525847376250        6.5314962821879738E-005
 CLMB         183           4   29.519826888764676       0.16085384733334213     
 CLMB         183           5   28.652325284100080       0.18378611143017917     
 CLMB         183           6   22.330245231948631       0.50433350243180830     
 CLMB         183           7   56.508452967028994        3.5169798708167186E-003
 CLMB         183           8   48.670541262442100        1.0206285739361783E-002
 CLMB         183           9   56.792681513849530        3.3852295331396167E-003
 CLMB         183          10   51.212751890859792        7.2038100031575165E-003
 CLMB         183          11   59.221767930725683        2.4454764057111281E-003
 CLMB         183          12   40.505258159172321        3.1964913393793433E-002
 CLMB         183          13   91.655092092845024        3.6396196215563866E-005
 CLMB         183          14   77.182829321155253        2.3197130360804686E-004
 CLMB         183          15   97.712406355153902        1.6899980061101429E-005
 CLMB         183          16   74.703405696968389        3.1970748484356408E-004
 CLMB         183          17   61.040465144551959        1.9192277628665890E-003
 CLMB         183          18   73.663048027264011        3.6594769689749304E-004
 CLMB         183          19   55.890608366495243        3.8217417798968941E-003
 CLMB         183          20   57.083897376714546        3.2554673760933988E-003
 CLMB         183          21   55.916029339819765        3.8085301484006399E-003
 CLMB         183          22   37.398955750948282        4.9913281285497595E-002
 CLMB         183          23   47.423752365004418        1.2120666503178466E-002
 CLMB         183          24   29.303904355613383       0.16626267608163658     
 CLMB         183          25   37.551605327014009        4.8824147796213198E-002
 CLMB         183          26   31.903420402867958       0.11209687850757472     
 CLMB         183          27   30.759468633640054       0.13319331944490057     
 CLMB         183          28   82.591788919610565        1.1566159736769391E-004
 CLMB         183          29   93.282413018622549        2.9613165163523577E-005
 CLMB         183          30   92.243837208249403        3.3762099085107543E-005
 CLMB         183          31   68.335412641811899        7.3308149106909480E-004
 CLMB         183          32   58.578436333097926        2.6649226234977908E-003
 CLMB         183          33   82.789266152002213        1.1273700508961622E-004
 CLMB         183          34   42.579903273570977        2.3827051712431276E-002
 CLMB         183          35   41.476250950898553        2.7847940751118211E-002
 CLMB         183          36   49.110307149440970        9.6075057326514210E-003
 CLMB         183          37   24.124102254774815       0.37575923086470298     
 CLMB         183          38   29.505591331116818       0.16120508064040134     
 CLMB         183          39   16.851920551727890        1.3099568065083205     
 CLMB         183          40   37.573100984759272        4.8673015635335513E-002
 CLMB         183          41   27.686773149713648       0.21344982008080116     
 CLMB         183          42   37.426072768127668        4.9718495378781494E-002
 CLMB         183          43   21.526065655477819       0.57688568301907528     
 CLMB         183          44   27.326477139394665       0.22579019139082773     
 CLMB         183          45   19.956083950543530       0.75376986227043230     
 CLMB         184           4   127.36858887428338        4.1795406050686125E-007
 CLMB         184           5   128.16622399559589        3.7796039334339565E-007
 CLMB         184           6   108.75850906050150        4.2179210172516664E-006
 CLMB         184           7   80.115345469999539        1.5894292221527059E-004
 CLMB         184           8   69.173977443659396        6.5687261483280128E-004
 CLMB         184           9   85.140137467519111        8.3454745571630859E-005
 CLMB         184          10   111.36078460170918        3.0510235465064903E-006
 CLMB         184          11   98.074871201502148        1.6156334400759710E-005
 CLMB         184          12   127.05411258728174        4.3434618916900357E-007
 CLMB         184          29   128.29036765655340        3.7250252494868778E-007
 CLMB         184          31   75.648291172588515        2.8289124932182112E-004
 CLMB         184          32   86.536201944705212        6.9803191156535136E-005
 CLMB         184          33   83.882800015679450        9.8021563385483843E-005
 CLMB         184          40   114.33703184951679        2.1038723532190523E-006
 CLMB         184          41   129.82694498106699        3.0825546652424198E-007
 CLMB         184          42   124.89483266990729        5.6710225072077586E-007
 CLMB         184          46   76.214345425080197        2.6287786430367047E-004
 CLMB         184          47   85.158314366013926        8.3258397927632151E-005
 CLMB         184          48   62.001535329241833        1.6892128084154434E-003
 CLMB          14           1   27.063963507736915       0.23525797351005492     
 CLMB          14           2   36.138966678083776        5.9936134893425350E-002
 CLMB          14           3   22.106968018099099       0.52342380644617970     
 CLMB          14           4   41.859616900944289        2.6377075245567462E-002
 CLMB          14           5   46.454500427065248        1.3861393696437137E-002
 CLMB          14           6   36.288553230264100        5.8644343895176060E-002
 CLMB          14           7   76.072653004125215        2.6779363079717822E-004
 CLMB          14           8   68.537680674642928        7.1378075286039773E-004
 CLMB          14           9   75.165794387857432        3.0112586829341743E-004
 CLMB          14          10   7.5475254091934882        10.041016605811832     
 CLMB          14          11   10.856995105303000        4.3949332164088997     
 CLMB          14          12   11.242666455954872        4.0311112593026488     
 CLMB          14          13   30.045362122828987       0.14845139620785980     
 CLMB          14          14   28.286480780859698       0.19447572011412387     
 CLMB          14          15   25.740291854070861       0.28990834922917491     
 CLMB          14          16   57.235653071130557        3.1899258357818904E-003
 CLMB          14          17   56.234132826189935        3.6491298293111897E-003
 CLMB          14          18   69.873836411153775        5.9934319108175579E-004
 CLMB          14          19   25.373465619468920       0.30735195582757130     
 CLMB          14          20   25.633109519885547       0.29489311072922725     
 CLMB          14          21   33.093324214840095        9.3841642172096312E-002
 CLMB          14          22   61.810806801188043        1.7326078733990553E-003
 CLMB          14          23   57.877085285810224        2.9268453435556904E-003
 CLMB          14          24   52.267224514465198        6.2402718444275604E-003
 CLMB          14          25   78.040783020026723        2.0766929891726597E-004
 CLMB          14          26   83.295764763457768        1.0567249842549746E-004
 CLMB          14          27   68.188167129985231        7.4720391103343217E-004
 CLMB          14          28   53.851714513743289        5.0326460434099258E-003
 CLMB          14          29   46.548973851363385        1.3681735002141128E-002
 CLMB          14          30   56.687833084950881        3.4333161786631559E-003
 CLMB          14          31   90.515954577342654        4.2059873541338817E-005
 CLMB          14          32   95.964342301108530        2.1071540679643020E-005
 CLMB          14          33   78.564794340587497        1.9409814639773421E-004
 CLMB          14          34   44.555389911039221        1.8057764612676615E-002
 CLMB          14          35   43.876975085641476        1.9856340794230612E-002
 CLMB          14          36   57.297220504294465        3.1634345671350231E-003
 CLMB           2           7   139.35890011691399        9.5347136236847528E-008
 CLMB           2          10   91.487028585189691        3.7162519930808762E-005
 CLMB           2          11   84.978829406870148        8.5200882488812506E-005
 CLMB           2          12   110.43782452833018        3.4229088054501395E-006
 CLMB           2          13   132.45825395128119        2.2223955306346662E-007
 CLMB           2          14   124.25355018852957        6.1407953768854511E-007
 CLMB           2          21   127.48620253755229        4.1184420738188187E-007
 CLMB           2          22   68.481072787803257        7.1917087837774900E-004
 CLMB           2          23   58.936199837488743        2.5405376429108876E-003
 CLMB           2          24   62.465386354970633        1.5885557942155212E-003
 CLMB           2          25   109.35421323553999        3.9195726392793084E-006
 CLMB           2          26   97.899726894584788        1.6514979093561670E-005
 CLMB           2          27   128.60722527951393        3.5861992234981111E-007
 CLMB           2          31   81.145591112950484        1.3918500952531213E-004
 CLMB           2          32   80.974948900445639        1.4232227719178283E-004
 CLMB           2          33   98.873273123451327        1.4608954203352320E-005
 CLMB           2          34   125.61095316004987        5.1911106124156123E-007
 CLMB           2          35   131.67827951078718        2.4551980109819336E-007
 CLMB           2          36   105.76465882109174        6.1368491024221001E-006
 CLMB           2          37   78.707427147263445        1.9056240154742280E-004
 CLMB           2          38   76.007740933880555        2.7005176102232279E-004
 CLMB           2          39   82.838427276811188        1.1201110786512794E-004
 CLMB           2          42   143.28308084857161        5.8928639665501986E-008
 CLMB          28           4   100.02771587414540        1.2624453067764247E-005
 CLMB          28           5   87.529051004331578        6.1521915040994483E-005
 CLMB          28           6   93.971556672883978        2.7136660691717667E-005
 CLMB          28           7   65.877328309483403        1.0121993988973738E-003
 CLMB          28           8   51.760888174318254        6.6855377114373379E-003
 CLMB          28           9   68.756146878743380        6.9378676014913542E-004
 CLMB          28          10   125.91582990339118        5.0020328753252470E-007
 CLMB          28          11   112.11320986004255        2.7761345189013752E-006
 CLMB          28          12   119.04754654913332        1.1708382422519333E-006
 CLMB          28          16   117.42915165486303        1.4305772928572402E-006
 CLMB          28          17   138.56943982212999        1.0486988836342323E-007
 CLMB          28          18   115.13085164441833        1.9037096264024375E-006
 CLMB          28          22   100.88331543885461        1.1336054623504162E-005
 CLMB          28          23   91.570052543494256        3.6783601777308794E-005
 CLMB          28          24   90.707273538551647        4.1021891920825268E-005
 CLMB          28          25   119.23511815428826        1.1445751114433062E-006
 CLMB          28          26   132.32958194522610        2.2589147473697424E-007
 CLMB          28          27   111.11078392872520        3.1469421345068684E-006
 CLMB          28          31   108.04145718600802        4.6190833226791280E-006
 CLMB          28          32   121.66250085321772        8.4667685255264852E-007
 CLMB          28          33   105.83437817298541        6.0855440743178915E-006
 CLMB          28          35   133.11697193071331        2.0561361955737004E-007
 CLMB          28          40   124.25373682327330        6.1406579517852128E-007
 CLMB          28          41   142.58448497661243        6.4087444108725182E-008
 CLMB          28          42   113.37073951633614        2.3741856587558261E-006
 CLMB          28          46   73.197562180886152        3.8875491904016222E-004
 CLMB          28          47   87.839218162518065        5.9117766045704128E-005
 CLMB          28          48   66.008591175918511        9.9499767325186578E-004
 CLMB          28          55   52.499402445189538        6.0463651681304416E-003
 CLMB          28          56   52.944445022628855        5.6916897089433214E-003
 CLMB          28          57   60.151110782670280        2.1604344390014235E-003
 CLMB          15           4   135.07360098936547        1.6147975016292804E-007
 CLMB          15           5   137.70700106437414        1.1681705460205177E-007
 CLMB          15           6   128.24277906485909        3.7459346717060789E-007
 CLMB          15           7   79.953258886864049        1.6226375748078613E-004
 CLMB          15           8   76.163267768717404        2.6464780444760772E-004
 CLMB          15           9   66.165033833122308        9.7458533503487108E-004
 CLMB          15          16   101.58023762402118        1.0389146369599846E-005
 CLMB          15          17   111.64388651558865        2.9429235525478818E-006
 CLMB          15          18   103.39580348715882        8.2697483800052579E-006
 CLMB          15          19   98.009306480387622        1.6290441807903052E-005
 CLMB          15          20   88.759508221114004        5.2583740977697617E-005
 CLMB          15          21   112.34611325211795        2.6980345755151506E-006
 CLMB          15          22   122.14300749121409        7.9777603231684262E-007
 CLMB          15          23   107.71902523221152        4.8033237977941095E-006
 CLMB          15          24   122.29409432929154        7.8247944187310450E-007
 CLMB          15          25   117.80510576667966        1.3661554618963591E-006
 CLMB          15          26   101.62041502969990        1.0336237630293644E-005
 CLMB          15          27   130.73090625219714        2.7537924362702792E-007
 CLMB          15          28   69.306790723857603        6.4550178792985519E-004
 CLMB          15          29   75.433200899666133        2.9087858625380299E-004
 CLMB          15          30   57.743497048075028        2.9800528212966708E-003
 CLMB          15          31   139.48789016187021        9.3885379535564740E-008
 CLMB          15          32   133.32573531395920        2.0037874973234401E-007
 CLMB          15          43   127.74791209713723        3.9828915792679864E-007
 CLMB          15          44   128.34003970048417        3.7032169419966330E-007
 CLMB          15          45   115.26001798214477        1.8731537451357579E-006
 CLMB          16           1   125.82623932472970        5.0574998827633915E-007
 CLMB          16           3   121.57607361985772        8.5551350672479368E-007
 CLMB          16          10   135.33618144427925        1.5608369982285672E-007
 CLMB          16          11   121.46077358145256        8.6732180722356922E-007
 CLMB         392           1   78.705483437668661        1.9061049831113245E-004
 CLMB         392           2   68.345067911071453        7.3215757337736370E-004
 CLMB         392           3   84.012689265114091        9.6376952758358929E-005
 CLMB         392           4   130.94968072098416        2.6770899427376423E-007
 CLMB         392           5   111.35843135998645        3.0519244146839552E-006
 CLMB         392           6   140.75461161649494        8.0179489352631681E-008
 CLMB         392          10   78.038903507143473        2.0771932382126774E-004
 CLMB         392          11   65.110551204652566        1.1197175236006154E-003
 CLMB         392          12   76.042639186940605        2.6883725802192762E-004
 CLMB         392          16   95.733272264551985        2.1712981822218838E-005
 CLMB         392          17   105.77883176032682        6.1264140530101411E-006
 CLMB         392          18   110.09032801418600        3.5750655701921402E-006
 CLMB         392          19   107.50992202752678        4.9334677325975416E-006
 CLMB         392          20   115.46646588305430        1.8276797982485782E-006
 CLMB         392          21   90.571840706513683        4.1756215631212855E-005
 CLMB         392          22   132.65699655157090        2.1720592920880702E-007
 CLMB         392          24   130.16700956076855        2.9583405828122015E-007
 CLMB         379           1   90.412861937478851        4.2621013513875969E-005
 CLMB         379           2   104.99259096366841        6.7661231147237423E-006
 CLMB         379           3   76.624366455279926        2.4934499040123967E-004
 CLMB         379           7   131.54705531103610        2.4949803497714353E-007
 CLMB         379           9   121.77804477028799        8.3488278934065926E-007
 CLMB         379          10   91.955280126549496        3.5034390762059236E-005
 CLMB         379          11   78.776551280695827        1.8885347969577236E-004
 CLMB         379          12   102.11530522013112        9.7081722931202116E-006
 CLMB         379          19   103.32788012153220        8.3408748644481485E-006
 CLMB         379          20   104.56907218714305        7.1328724371057849E-006
 CLMB         379          21   93.414105112558943        2.9119733351598554E-005
 CLMB         379          28   103.14382845748382        8.5340768385542096E-006
 CLMB         379          29   120.56174429203456        9.7091332738756104E-007
 CLMB         379          30   90.836452564392815        4.0373919648582474E-005
 CLMB         379          37   124.32039639142093        6.0916007826389370E-007
 CLMB         379          38   117.31135000763484        1.4526593137252448E-006
 CLMB         379          42   130.16563337405043        2.9588419492982432E-007
 CLMB         380           6   137.40622257524495        1.2101894263356334E-007
 CLMB         210           2   133.42445485586856        1.9790900149312279E-007
 CLMB         210           7   64.730288830273594        1.1772578099001423E-003
 CLMB         210           8   67.292893339677590        8.4039273083684300E-004
 CLMB         210           9   78.723069752206442        1.9017541441578216E-004
 CLMB         210          10   85.468682007356946        8.0012493883086668E-005
 CLMB         210          11   84.398589712165446        9.1765707758978391E-005
 CLMB         210          12   103.87430175914437        7.7802719871988325E-006
 CLMB         210          13   80.699959435003692        1.4743874361964845E-004
 CLMB         210          14   73.506342509479254        3.7344954196151428E-004
 CLMB         210          15   81.305160855512284        1.3641575930640931E-004
 CLMB         210          19   134.51997159404675        1.7292591218236436E-007
 CLMB         210          20   124.47778603749711        5.9759805737077369E-007
 CLMB         210          21   119.69644302740809        1.0803321611263895E-006
 CLMB         210          22   104.14195082196937        7.5298489138375574E-006
 CLMB         210          23   94.118591827242938        2.6636084826126636E-005
 CLMB         210          24   111.35361913440407        3.0537667497962295E-006
 CLMB         210          34   106.45700424432938        5.6303462028274544E-006
 CLMB         210          35   123.64351827606055        6.6183999425697548E-007
 CLMB         210          36   108.80097187678599        4.1965460933384462E-006
 CLMB         210          37   131.31304564783167        2.5661207721258127E-007
 CLMB         210          38   114.85225815480251        1.9736422180439920E-006
 CLMB         210          39   126.98191896958897        4.3812075242299643E-007
 CLMB         210          40   132.37951162290753        2.2439471290362254E-007
 CLMB         210          42   125.59708230044441        5.1997348409602744E-007
 CLMB         197           1   99.216838683071643        1.3979515929017263E-005
 CLMB         197           2   94.885749981575756        2.4171548512980458E-005
 CLMB         197           3   106.64125241709272        5.4966627556737918E-006
 CLMB         197           4   129.63697298402710        3.1522287175650977E-007
 CLMB         197           5   142.33138846722565        6.5968940678263387E-008
 CLMB         197           6   133.68043250706882        1.9152198925403333E-007
 CLMB         197           7   49.725784308895662        8.8291588201576034E-003
 CLMB         197           8   60.995643531589010        1.9305857945559764E-003
 CLMB         197           9   53.681414935320113        5.1504254185372293E-003
 CLMB         197          11   130.38658402310017        2.8784817065917889E-007
 CLMB         197          16   78.814339434264014        1.8792052909023373E-004
 CLMB         197          17   91.644053922131150        3.6446441022169444E-005
 CLMB         197          18   86.999654100884968        6.5820156579368574E-005
 CLMB         197          23   136.29183802104095        1.3909145232882061E-007
 CLMB         197          31   104.58615944936584        7.1170585929489468E-006
 CLMB         197          32   98.796163191922616        1.4750827006415297E-005
 CLMB         197          33   106.30660876338456        5.7398109317114776E-006
 CLMB         197          34   58.734155041009018        2.6098542561064763E-003
 CLMB         197          35   73.185964012964575        3.8934413877130171E-004
 CLMB         197          36   61.736000726730758        1.7499018558825759E-003
 CLMB         197          37   51.294090352776109        7.1247866406330537E-003
 CLMB         197          38   46.255436074519075        1.4249764630275918E-002
 CLMB         197          39   42.949551030360425        2.2618103421413033E-002
 CLMB         197          52   119.49849134148430        1.1078376631118964E-006
 CLMB         197          53   129.56719619826742        3.1778713270753685E-007
 CLMB         197          54   107.72387500716941        4.8005444235904005E-006
 CLMB         198          28   117.48519503127378        1.4200874583829684E-006
 CLMB         198          29   106.73280655420864        5.4352180873809075E-006
 CLMB         198          30   132.83791089437005        2.1263694371450578E-007
 CLMB         224          29   138.89952151463172        1.0057501391115965E-007
 CLMB         211          13   132.42586008151068        2.2306143603293003E-007
 CLMB         211          14   124.56787561568358        5.9099312351637826E-007
 CLMB         211          15   116.36171231583991        1.6323523135894949E-006
 CLMB         211          37   97.014304713850251        1.8465228527284512E-005
 CLMB         211          38   108.33539742728509        4.4520788701063000E-006
 CLMB         211          39   100.15514967310861        1.2415812183661775E-005
 CLMB        1764          13   137.51002544277068        1.1956673501426604E-007
 CLMB        1764          15   138.95956313654119        9.9889757132462806E-008
 CLMB        1751          10   100.48300051975374        1.1926229391861852E-005
 CLMB        1751          11   112.42370843264627        2.6720862980584163E-006
 CLMB        1751          12   108.51957299531266        4.3478991038653299E-006
 CLMB        1751          40   118.23692202507931        1.2958261296287817E-006
 CLMB        1751          41   133.16849522687033        2.0432011580120874E-007
 CLMB        1751          42   129.71932399883050        3.1220006351027268E-007
 CLMB        1582           7   138.88842787253961        1.0070169081890667E-007
 CLMB        1582           9   122.17163989529654        7.9487427623930033E-007
 CLMB        1582          13   119.44836038535132        1.1148178557828077E-006
 CLMB        1582          14   106.73964003084568        5.4307741630144014E-006
 CLMB        1582          15   118.71849481466793        1.2179964620031712E-006
 CLMB        1582          23   136.30198003704697        1.3891904370724951E-007
 CLMB        1582          25   118.84874095127451        1.1987648131379751E-006
 CLMB        1582          26   125.78808465158446        5.0811460610195862E-007
 CLMB        1582          27   125.79129013446428        5.0791589262211530E-007
 CLMB        1569          10   108.77917567193636        4.2075157780562068E-006
 CLMB        1569          11   95.801160919773082        2.1524204637645251E-005
 CLMB        1569          12   101.89362799267317        9.9775560925722025E-006
 CLMB        1569          22   140.06576680919071        8.7369744488718640E-008
 CLMB        1569          23   142.25265537949920        6.6555600638333832E-008
 CLMB        1569          24   127.06464758506581        4.3379573710995502E-007
 CLMB        1569          26   143.65930041626910        5.6171219455778583E-008
 CLMB        1569          31   130.05183046544124        3.0003388592489558E-007
 CLMB        1569          32   138.90415933397102        1.0052206123155935E-007
 CLMB        1569          33   126.63571184032878        4.5628161367534078E-007
 CLMB        1569          34   143.74343652601317        5.5556536898761762E-008
 CLMB        1569          35   137.57504425881331        1.1865823454392806E-007
 CLMB        1946           9   127.27236718548578        4.2296103099293940E-007
 CLMB        1946          29   139.36868969420684        9.5236102711895967E-008
 CLMB        1946          33   141.05766294666898        7.7390273968764848E-008
 CLMB        1946          37   97.525207219449570        1.7305620726147025E-005
 CLMB        1946          38   82.304903042130235        1.1993531467984521E-004
 CLMB        1946          39   111.35145177395816        3.0545965642898282E-006
 CLMB        1946          46   142.80935438180805        6.2421380123036951E-008
 CLMB        1946          47   137.08144725817189        1.2574486009300863E-007
 CLMB        1933          28   116.86188789752288        1.5373203469560080E-006
 CLMB        1933          29   138.42379233061584        1.0687706192481578E-007
 CLMB        1933          30   113.71917250784196        2.2728688837810044E-006
 CLMB        1933          31   116.17438716491532        1.6729744100105274E-006
 CLMB        1933          32   127.87486961001630        3.9173347550583826E-007
 CLMB        1933          33   99.020523126923933        1.4338646135587372E-005
 CLMB        1933          36   133.23984403969703        2.0253053990781801E-007
 CLMB        1959           2   125.73497186696535        5.1140863512090185E-007
 CLMB        1777          13   86.260202343991253        7.2334592361741610E-005
 CLMB        1777          14   71.314954168238046        4.9668205200219316E-004
 CLMB        1777          15   97.921519238196410        1.6470284815654517E-005
 CLMB        1777          16   108.96154908779867        4.1158653910724012E-006
 CLMB        1777          17   105.27527276196834        6.5323775468217583E-006
 CLMB        1777          18   100.79442129714016        1.1466704229032888E-005
 CLMB        1777          37   126.58466668037900        4.5904259687247015E-007
 CLMB        1777          38   132.94411996383531        2.0996043038215359E-007
 CLMB        1777          39   115.92974714800462        1.7262231032584191E-006
 CLMB        1777          46   129.78912969437474        3.0964075251067753E-007
 CLMB        1777          47   113.31827160374787        2.3894961675411354E-006
 CLMB        1777          48   135.12629693991673        1.6039516194500343E-007
 CLMB        1791          42   137.50099907308319        1.1969292736300064E-007
 CLMB         182           4   128.37871494954325        3.6862484176566708E-007
 CLMB         182           5   140.86666929480089        7.9146737659770797E-008
 CLMB         182           6   116.85690970782990        1.5382616892133837E-006
 CLMB         182           7   124.20635103452142        6.1755628748264113E-007
 CLMB         182           8   141.55290538040379        7.2857881058735324E-008
 CLMB         182           9   128.23159480131065        3.7508510532318652E-007
 CLMB         182          19   138.05982550040861        1.1191141726582720E-007
 CLMB         182          20   129.25147406470202        3.3060309942561593E-007
 CLMB         182          25   131.03341559710694        2.6514633109165346E-007
 CLMB         182          27   131.49961582049050        2.5093817942526682E-007
 CLMB         182          46   141.41355265226682        7.4130009109317777E-008
 CLMB         182          47   142.72086277363007        6.3076390532694839E-008
 CLMB         169           4   127.71749110699430        3.9986193681700819E-007
 CLMB         169           5   122.89141170343196        7.2684337726713311E-007
 CLMB         169           6   127.21627501328710        4.2588332547050906E-007
 CLMB         169          14   132.39901836964319        2.2381025806488794E-007
 CLMB         169          19   113.38530778219858        2.3699370488858992E-006
 CLMB         169          20   109.68086268824361        3.7573515326699444E-006
 CLMB         169          21   125.60960018736952        5.1919517414522116E-007
 CLMB         169          36   135.52249221573908        1.5226767967711297E-007
 CLMB         170          35   136.16592872820289        1.4123397874398224E-007
 CLMB         170          36   140.39451645220717        8.3686985857308342E-008
 CLMB         195           7   113.11707517256085        2.4483383702744230E-006
 CLMB         195           8   123.46624468336884        6.7709013725731130E-007
 CLMB         195           9   128.80965792157491        3.4978642062489643E-007
 CLMB         195          17   140.21311613127577        8.5716954732890590E-008
 CLMB          13          10   103.34278302873244        8.3252611618513466E-006
 CLMB          13          11   87.453142261789864        6.2112891808751552E-005
 CLMB          13          12   111.47408876814698        3.0076934396474809E-006
 CLMB          13          16   134.64907657667189        1.7024828042581499E-007
 CLMB          13          18   122.77068534267042        7.3735174734055108E-007
 CLMB          13          25   139.00509020827215        9.9370549953839489E-008
 CLMB          13          28   125.20745334105942        5.4437562964592407E-007
 CLMB          13          29   136.80270646221808        1.3043876045762736E-007
 CLMB          13          30   122.95974573060604        7.2090453228182605E-007
 CLMB          13          37   85.330597312867766        8.1401543893658304E-005
 CLMB          13          38   97.575738757969816        1.7191587990149932E-005
 CLMB          13          39   93.633644917441273        2.8300234105668766E-005
 CLMB          13          44   142.64911429981902        6.3608065677535679E-008
 CLMB          13          46   102.21838205735865        9.5862833150760887E-006
 CLMB          13          47   85.386543928869870        8.0837083653603886E-005
 CLMB          13          48   110.16779203307999        3.5410636036707041E-006
 CLMB          13          52   128.79938513331135        3.5023402288440310E-007
 CLMB          13          54   127.21532948739384        4.2593260764021951E-007
 CLMB         365           9   130.68592860929925        2.7700428638870092E-007
 CLMB         391          19   133.49897932902644        1.9604698077109675E-007
 CLMB         391          21   139.41636878796325        9.4695548665171603E-008
 CLMB         209          22   139.53550238269784        9.3346505413553857E-008
 CLMB         209          23   118.82206926118860        1.2025185418073676E-006
 CLMB         209          44   134.94850275928971        1.6405791457623435E-007
 CLMB         209          45   142.00481034054064        6.8749691839495592E-008
