nan
256
0	1	0.0039062500000000	0.8401877171547095	0.3943829268190930	0.7830992237586059	0.7984400334760733	0.9116473579367843	0.1975513692933840	-2.0929003816222347e-01	1.9864564193101897e-02	1.3571866762521725	0.3763523446275566	0.2043140556174826	1.1012631460440763	0.6751740284170040	1.3160764994059473
0	1	0.0039062500000000	0.3352227557148890	0.7682295948119040	0.2777747108031878	0.5539699557954305	0.4773970518621602	0.6288709247619244	-4.3993792140203089e-02	3.1571107832219329e-02	-0.3358662328817044	-0.8223005296601644	-1.1288331582395275	0.1656296745850640	0.1653956603402116	0.7425254518459499
0	1	0.0039062500000000	0.3647844727918433	0.5134009101956155	0.9522297251747128	0.9161950680037007	0.6357117279599009	0.7172969294326831	-5.0181721040544613e-01	2.4047217390221587e-02	0.5049827267633795	-0.0830199259885382	1.1934806355181173	1.4652657819202919	0.8950339903208011	0.9972953709094563
0	1	0.0039062500000000	0.1416025553558034	0.6069688762570586	0.0163005716243296	0.2428867706297370	0.1372315767860187	0.8041767542269904	-1.1062084798689946e-01	2.4540123271050457e-02	-0.4640687892873791	1.0249257450811697	1.8511451451127217	0.1968173432178305	1.3128332136293634	0.8267758140800918
0	1	0.0039062500000000	0.1566790892540846	0.4009443942461835	0.1297904467814557	0.1088088020257693	0.9989245180035590	0.2182569053109069	3.0578942390322006e-01	2.4581722013111807e-02	-0.2364221923996793	0.5608808358536190	1.7795255136669734	-0.5657065447293312	1.7952595449136586	0.7765992637892219
0	1	0.0039062500000000	0.5129323944043984	0.8391122346926072	0.6126398325956612	0.2960316176973430	0.6375522677030192	0.5242871900667843	-5.1158795330214939e-02	2.3661766633097697e-02	0.1492290117069128	1.4985694275894512	-0.3860607411751631	0.2023558277903169	0.9367707518624563	1.6325063197493952
0	1	0.0039062500000000	0.4935829869907270	0.9727750238835695	0.2925167844130270	0.7713576977939148	0.5267449792133388	0.7699138362751873	-1.3283286956496715e-01	2.3581869145710865e-02	-0.3293534073674924	-0.0439032358837426	0.1679884411569855	0.3606509724643786	0.7140572016246377	1.0961346003965202
0	1	0.0039062500000000	0.4002286220901779	0.8915294520051822	0.2833147460051415	0.3524583472648907	0.8077245200088827	0.9190264739650424	-2.8789583380799729e-02	2.3309199687798564e-02	-0.9157861126803898	-0.7051455332079785	-0.5022940741460233	0.0901477112466334	1.2093816764400676	0.9148304288466004
0	1	0.0039062500000000	0.0697552762319126	0.9493270753646861	0.5259953502221011	0.0860558478562421	0.1922138459944231	0.6632269270081198	-2.1184936899246973e-01	2.4058242648935451e-02	-0.3300227366653750	-0.3514425400773826	-0.0550139674712571	0.5772074306245024	0.3053488550907073	0.9072109529254563
0	1	0.0039062500000000	0.8902326025488938	0.3488929352485076	0.0641713207886421	0.0200230488646883	0.4577017372742769	0.0630958383265398	1.1323041649235881e+00	2.2442730257524256e-02	1.3444641820156660	0.4727984956206273	1.5160377680019594	-1.6685307875817730	0.5966061253001271	0.9732798597605545
0	1	0.0039062500000000	0.2382799541755952	0.9706341316786754	0.9022080734848082	0.8509197867712563	0.2666657493760184	0.5397603407221662	1.2710558728485655e-01	2.3048800130341496e-02	-0.2605452171565838	-0.7911198174145631	0.7228222467184466	-0.3627286692328067	1.0131602859250897	1.0595493184571241
0	1	0.0039062500000000	0.3752069763723793	0.7602487363667454	0.5125353641400744	0.6677237607854063	0.5316064341606602	0.0392803433534132	-2.7544071126847908e-01	2.0727951851224478e-02	-0.7588906470938631	0.3562714160241962	-1.5747096183085223	0.6252933270555826	1.2594983209218897	1.3254246049691167
0	1	0.0039062500000000	0.4376375965949323	0.9318350562508382	0.9308097953585953	0.7209523430657351	0.2842934030500676	0.7385343149018168	-1.0999348299490555e-01	2.3041226980792081e-02	0.0251437780287554	-0.9436417119222963	0.8959836941651756	0.3074668730453283	0.6981982381295747	1.0531405820142801
0	1	0.0039062500000000	0.6399788165651163	0.3540486797476414	0.6878613902665029	0.1659741663215561	0.4401045276038835	0.8800752362609260	3.3166743776833507e-01	2.2401960365695552e-02	-0.8298385946272425	-0.1461535761655263	-0.4267999625075818	-0.7981865233768193	1.3762590581991097	1.4868922332515415
0	1	0.0039062500000000	0.8292010933296760	0.3303371296871161	0.2289681710437723	0.8933724145839793	0.3503601785518043	0.6866699083180492	-2.0323296435072274e-01	2.6337956625201879e-02	1.2856432062036953	-0.3028484188315582	0.6323886176093753	0.6639871158796826	0.3231478218223183	0.8597054207586193
0	1	0.0039062500000000	0.9564682529105192	0.5886401331930609	0.6573040395310633	0.8586763259296661	0.4395599194986559	0.9239697889070817	1.0969131377093276e-01	2.3885915990827792e-02	0.2584492079749550	0.5251173243456738	-0.0312037456581610	0.0059157042023639	0.9727722959263381	1.0121957836959219
0	1	0.0039062500000000	0.3984366666518322	0.8147668963366965	0.6842185252738271	0.9109720307919067	0.4824906566564416	0.2158249589688261	2.2752583718416214e-01	1.9738886262575268e-02	-0.8143179993959777	0.8306038422388381	0.6569513956610796	-0.4607812421413177	0.8231851814706833	1.5710097173640583
0	1	0.0039062500000000	0.9502523741453198	0.9201282537170352	0.1476600147540029	0.8810621695039152	0.6410805963171090	0.4319534182697318	-2.4927583596258107e-01	2.5484050982151955e-02	1.1600466608163293	1.0735938447813103	0.5558233654792522	0.6264880727843247	0.5230697826218165	0.8963593275667138
0	1	0.0039062500000000	0.6195964839400707	0.2810594124165640	0.7860020980173732	0.3074578737409124	0.4470335792037815	0.2261066251555954	1.8404312732827505e-01	2.3615745690477842e-02	-0.7871964370480534	-0.2478363210116431	0.0194812239354085	-0.2576324345803130	0.9075686840473405	1.4744368046737202
0	1	0.0039062500000000	0.1875331095361771	0.2762346720677962	0.5564437553083728	0.4165012805799494	0.1696070861861143	0.9068039338601771	8.9833133270464638e-01	2.2664217200354046e-02	-0.2658892014241446	0.6506597406538113	-1.8577115972515619	-1.6150974995370770	1.1355676164272290	1.0421225674208865
0	1	0.0039062500000000	0.1031711884323373	0.1260753390966334	0.4954440665875767	0.7604752284290619	0.9847516650262995	0.9350039865518939	2.0654103277390881e-01	2.0311268544271410e-02	-0.6417874350615360	0.1346079112566290	-1.0823511781434767	-0.2410516344719867	1.0574683467834274	0.8991570262738169
0	1	0.0039062500000000	0.6844450168704823	0.3831883312124705	0.7497708824229291	0.3686635416786482	0.2941603620043771	0.2322615386137094	2.6594204217773754e-01	2.3020525343350848e-02	-0.4072137105759903	0.5178452547110438	0.0508021955358322	-0.5273051267061447	0.8502419829676030	1.6103962208340861
0	1	0.0039062500000000	0.5844885006474743	0.2444127356840357	0.1523897918650833	0.7321485158671385	0.1254749047222896	0.7934703881821923	4.4071546386331782e-02	2.1056791892976556e-02	-0.3383566936209886	0.4783533882163461	0.8934533480369042	-0.0067364406038168	0.9020288684452799	1.2389594272805660
0	1	0.0039062500000000	0.1641019336712090	0.7450713891280216	0.0745298005987563	0.9501040316885822	0.0525292624032727	0.5215633798025378	3.4687454318587510e-02	2.4054572263862661e-02	0.1706630762855036	0.0187082008097093	0.8215470754388008	0.1153818239565968	0.9303352021854754	0.7000459732356186
0	1	0.0039062500000000	0.1762106563785163	0.2400623724051110	0.7977980518703340	0.7326544116868891	0.6565636529850605	0.9674051385221095	1.8976308551904519e-01	1.9684284718844300e-02	0.5569835189564993	-0.2684500329938194	-0.4816690051890420	-0.2783236419978720	0.4397527307733458	1.5345140788174623
0	1	0.0039062500000000	0.6394583455470663	0.7597348418830591	0.0934804771530817	0.1349024116689816	0.5202100698464597	0.0782321417137199	-4.6505245558764907e-01	2.3196818023875469e-02	-1.9487016020449306	0.3261203875133301	0.3707740546137510	1.3769278174068791	1.2306712442477101	1.0264686514027708
0	1	0.0039062500000000	0.0699063977552142	0.2046550862512808	0.4614204733918516	0.8196772801781433	0.5733186283955903	0.7555808353962288	1.1590208523293637e-01	2.5455341753725897e-02	-0.9469670032586409	0.5016687957525678	-1.2084062818905088	-0.1065077215219066	0.4833667234195683	0.7785296436692499
0	1	0.0039062500000000	0.0519388187918527	0.1578071285774033	0.9999935710802644	0.2043286106569360	0.8899556444445419	0.1254684758025540	1.3311218395514171e+00	2.0872303619503357e-02	-0.0348336779869389	-0.8207304817636546	2.9879326044592571	-2.1340410528675120	2.2341188501347187	1.0941458270078819
0	1	0.0039062500000000	0.9977989993047895	0.0540575776500896	0.8705398649305757	0.0723287994378846	0.0041616088730104	0.9230691273338484	-3.2062135867863800e-01	1.7883633854494738e-02	0.0950221223711955	-0.9143709202502146	0.3695636407673323	0.8171217176790645	1.2753422545498367	1.3636597365757717
0	1	0.0039062500000000	0.5938921792404224	0.1803722657171880	0.1631314992732981	0.3916902306450951	0.9130266774040771	0.8196951527240198	-6.6183010179423143e-02	2.0700363486962144e-02	0.3327653093608707	-0.1793231208728876	0.9863689671404678	0.1172605518485173	0.9962310123725789	1.2353602948704803
0	1	0.0039062500000000	0.3590953687015433	0.5524850224854820	0.5794299941414176	0.4525758458546250	0.6873874346201250	0.0996400635222160	3.9010413324275284e-01	2.2910565066928668e-02	-0.4620194969089740	-1.4007159752217633	-0.3454883717784134	-0.8624334113842247	1.3449289754041793	1.1307578208794116
0	1	0.0039062500000000	0.5308079880340062	0.7572938323753392	0.3042951497734968	0.9922284614258579	0.5769711125534824	0.8776137781690870	1.0378176830688837e+00	2.1935336108967998e-02	-1.5643722697066165	-1.2355687349521762	-1.5604940699143948	-1.1892293318834397	0.4370933757921944	0.9205732042076837
0	1	0.0039062500000000	0.7478092963564253	0.6289099313453351	0.0354209067464904	0.7478028669710285	0.8332385420022712	0.9253765511910322	2.0798262636069342e-01	1.9352979627446903e-02	-0.1841785807130956	-0.8673849951297820	-0.2679291803330966	-0.3465301106947582	1.0133595255392931	1.3126359259282778
0	1	0.0039062500000000	0.8732713427735824	0.8310375408413995	0.9794341293067830	0.7438112072384968	0.9033663402792841	0.9835957381797935	-4.5076033019636745e-02	2.0695689591739199e-02	0.9311986971119480	0.0755138071947890	-0.2637798271574533	0.1261875642578343	1.3156855790665192	1.2647258346279306
0	1	0.0039062500000000	0.6668803345723452	0.4972585190540452	0.1639680034313202	0.8300118338456433	0.8889487501648016	0.0769946808353973	1.9373031675612071e-01	1.9750508121584139e-02	-0.7113881291790162	0.2052121754879398	0.3666650134351315	-0.2655774170666332	0.6099361611926383	1.0325196633220866
0	1	0.0039062500000000	0.6497069861040018	0.2480441184006837	0.6294797033208793	0.2291369797797580	0.7006199647209700	0.3168671374753430	3.0792495970710715e-01	2.3495110964053711e-02	0.3205893810738014	-1.1028114119705781	-1.0848045587825601	-0.7378468914086919	1.0719275262138346	1.2217101681761446
0	1	0.0039062500000000	0.3287770433019740	0.2314279522893149	0.0741609698506822	0.6330721935411320	0.2236564132495115	0.6511320824041646	2.3968988729564201e-02	2.6230953954850821e-02	-0.3985782565524683	0.1204458891779412	1.0801632138945136	0.0035615551764203	0.2151838154062498	0.9387122453992652
0	1	0.0039062500000000	0.5106859712445577	0.9714657096059368	0.2800420132838385	0.5461068779910481	0.7192685761113039	0.1132805548204484	-1.3084775162313564e-01	2.2972516750485707e-02	-0.1288333454725779	-0.1335411635977541	0.0565251073748556	0.4557840641983137	0.5682915131729069	1.1074728293223832
0	1	0.0039062500000000	0.4714834291820803	0.5925399188848864	0.9443180961275092	0.4509175580232020	0.3363511256577220	0.8476844359411320	-2.7122266248164939e-01	2.4854086155798122e-02	-0.0238585450028602	0.2656366586819416	0.9655786161458016	1.0368569687863649	0.6176492192896332	0.9613500817392333
0	1	0.0039062500000000	0.4345132957373342	0.0032314597644058	0.3449429549951772	0.5984812996343157	0.8332432940757104	0.2338917046943175	-1.4391000380368038e-01	2.2851718248284796e-02	-0.8459404909635565	0.5269718708287091	0.4677149781354014	0.4155466237628624	0.8568774057365778	0.9828684500418251
0	1	0.0039062500000000	0.6754759804697130	0.4829502797140509	0.4819358230950012	0.3049556833249311	0.7120872599594701	0.1825557873503099	-1.7091976170747639e-01	2.2068826188067662e-02	-0.3497737739547702	-0.5694952902090799	-1.0853160269213940	0.4779560425297877	1.0099891106087182	1.3782591263986375
0	1	0.0039062500000000	0.6218228212659354	0.0408643027957828	0.4139837396396248	0.6959837911166176	0.6739364963369149	0.6376401528891363	-2.7733707094499438e-01	2.5939433842812942e-02	0.7701549935474508	0.6495954308401081	0.4081761551417884	0.6640697209255767	0.1568297404028073	0.9206408645883377
0	1	0.0039062500000000	0.3471158730551209	0.1846224675814726	0.6091058620294117	0.6271578863389594	0.7307293455725207	0.3283744381407157	3.3194099969936597e-01	2.5155504546866887e-02	0.2170083566796758	-0.7028965945873533	-0.7101858920131952	-0.7567919971439611	0.7839943132457091	1.1055472689720527
0	1	0.0039062500000000	0.7404384411594078	0.2022127742889397	0.9209143570256021	0.6847565368212557	0.6531303323121417	0.2572654822176627	-2.1617559222036964e-01	2.3449559951186867e-02	0.4079499760711856	-0.9047766570133745	0.7099824494511604	0.7305794920471620	0.9509751457760066	1.3222814535845511
0	1	0.0039062500000000	0.5324409727623877	0.0876436280494759	0.2604969424477299	0.8773839277575649	0.6861249276837916	0.0937402360577789	2.7721727191284440e-01	2.1705739405723817e-02	-0.1726754908414067	0.4423014959488222	0.7579202068360190	-0.4964673233054608	1.0631295166288826	1.0689674923844901
0	1	0.0039062500000000	0.1112756319862211	0.3616009076878433	0.5766905157718297	0.5932114550812223	0.6665565910127743	0.2887777752656386	-1.2311439869814146e-01	2.8150874754586084e-02	-0.7205121069135814	0.5002079700191007	-1.5751604709062461	0.3066450844853488	0.6093083482692496	0.9699576441794806
0	1	0.0039062500000000	0.7757672428971936	0.2883794118130484	0.3296420785270827	0.1897509820711571	0.9843632029296659	0.0035785743983363	1.1471398532940724e+00	2.0982235682161770e-02	1.6336854651126278	-1.5258310993160318	1.2458914634293357	-1.3717303437053470	0.8324994043423107	0.8434842526928958
0	1	0.0039062500000000	0.8273911354259547	0.3314790755191255	0.1882010419798089	0.4364969969897051	0.9586369618580849	0.9189303880179908	1.8595613312174814e-01	2.2563731274166447e-02	1.3285331014411852	-0.2300665591251020	0.4671121380783987	-0.2180336732731263	1.1645326983748019	0.9057320150227324
0	1	0.0039062500000000	0.7648714351304208	0.6990754030174927	0.1211431618412692	0.6857857916903616	0.3838319393730871	0.7742734946190721	-2.7865759156891576e-02	2.3446848045603309e-02	-0.2280707113424263	-0.2585942931906931	0.6887135408677209	0.1170735551169929	0.4801382339552058	1.3423755523503540
0	1	0.0039062500000000	0.9430512743736856	0.9162729121354748	0.8619171226685480	0.2035482163557542	0.7936568394273784	0.5480420498866784	3.6021089744560297e-01	2.4002557187284692e-02	0.6050750595912119	-0.6460688436945594	-0.4622503872442593	-0.7792889675357979	0.3116146880131451	1.1661710155167151
0	1	0.0039062500000000	0.2972884524135331	0.9049324714135996	0.9096429575745216	0.8739789681853628	0.4981439264948219	0.5761995481216347	2.2570913552168478e-01	2.5464355162800403e-02	-0.3666893704028833	-0.5290035966003426	0.9679685664129197	-0.5567093270648225	0.9652331816360984	1.0131257945249006
0	1	0.0039062500000000	0.1627567434510015	0.2739111689263541	0.8645789604003443	0.4923988219780842	0.4636621509975112	0.8489421628643490	1.4395624865198756e-01	2.3760029839588487e-02	0.3688638480941372	0.0509405155625427	0.3038071831016117	-0.2582879808113039	0.3880084797943192	1.5566751797188825
0	1	0.0039062500000000	0.4959773963764205	0.2910532859578046	0.1804212383834744	0.6841784388218906	0.7275502834131710	0.1390581997758980	3.0690213085469126e-01	2.3160599269889542e-02	-1.4648262358333741	0.8142500362182343	1.0216859821309199	-0.6253592470918499	1.8047940443934980	0.9826514296461459
0	1	0.0039062500000000	0.6031088263742201	0.4924217180779305	0.8381336027933907	0.7242519882154893	0.1782075097682921	0.2219655421664778	4.3879520020418661e-01	2.2602190289856088e-02	-0.9730122779141553	0.8481177913972853	0.4588898078645711	-0.7953748047745692	0.7171086908860839	1.2221858546652398
0	1	0.0039062500000000	0.4985254823689002	0.1212587836763164	0.1382384538362913	0.3604426045717870	0.3248070000320706	0.9318952937293310	-1.6020640683182152e-01	2.2211542394486479e-02	-1.0951693864443914	-0.1862747771528721	0.6279874457154201	0.3198547478907127	0.8734339291642014	1.1859015546421587
0	1	0.0039062500000000	0.9084846544584654	0.6220954524456036	0.8368277646772693	0.8181276115673257	0.4960744201653052	0.3349716907064298	4.3537778737865761e-02	2.6836133055082315e-02	0.5206018842251173	-0.0982160141514879	-0.1362633689189446	-0.0266160625116378	0.4321303053003092	0.9880594686886065
0	1	0.0039062500000000	0.3943271596889604	0.6588311636163067	0.6088828596327840	0.2589061196236434	0.1512299851287296	0.0725450106302952	-1.1990036403264860e-01	2.0515449525041411e-02	-0.3425619138157287	-1.3271261223764310	0.0692620719328204	0.4966747912159150	1.3624661082835565	1.4910022916125849
0	1	0.0039062500000000	0.1078482820223310	0.6472073819708114	0.3635982965880997	0.2882695204058054	0.3313858203270407	0.0911485795356094	-1.0324621742938478e-01	2.7162959679073936e-02	-0.1133199068235663	-0.8342196559524344	-0.7224994873034687	0.1696975755554773	0.2320930191954494	0.6973169555412229
0	1	0.0039062500000000	0.4273277206473647	0.9344946467012608	0.5835702980792011	0.2654613229750941	0.6587466344510888	0.7617778078474933	1.1844319797578674e-02	2.4495121547610937e-02	-0.4487310963299995	1.6202624713616209	-0.8348660906498234	-0.0856804708058673	1.5757825214587375	1.1715776822087869
0	1	0.0039062500000000	0.4874268651415719	0.1572721168199890	0.8830365915238096	0.6256653194435245	0.5177147213917760	0.2078435910902189	-6.2607939668071169e-02	2.5088464517044638e-02	-0.7871336071931908	0.2129846303634304	-0.0864508350884621	0.2912934974413041	0.7975616866169675	1.3964261910215869
0	1	0.0039062500000000	0.5575606127071943	0.4261993758502413	0.8299390435358226	0.3943883769188022	0.2443269869519058	0.3260134632354665	2.1992421884402560e-01	2.4861126650824343e-02	-1.4598862503984940	0.6970503336811210	0.4042608323042289	-0.3561865142029606	0.6411610612473503	1.2128552176340481
0	1	0.0039062500000000	0.7293600680908934	0.6386541466408662	0.9848446273174345	0.3382429272580160	0.8975602662645096	0.1360746119805028	-1.7359328065804502e-01	1.9877931641496972e-02	-0.5736141037073149	-0.5839948494970240	-0.6083447350240387	0.4211904658840506	0.6259301087136138	1.2856784275412738
0	1	0.0039062500000000	0.4107879378883112	0.0054085482868406	0.7832819939513141	0.7743862349420721	0.2936780686926460	0.1146678138126935	6.7624515375801386e-02	2.4211598187812822e-02	-0.3917677371309561	-0.0715904499039930	-0.2011325819123661	-0.0026975414355747	0.7530365087296637	1.2215322176524321
0	1	0.0039062500000000	0.8655348144776815	0.7210057893400107	0.0491624600482930	0.4491051120912214	0.9864671127807662	0.7079090949650431	2.1688854005835498e-01	2.1802680294137830e-02	1.8290188766249829	-0.6390125898250568	0.0201159586113356	-0.4594771933053784	1.4695672263201811	1.2348319131221004
0	1	0.0039062500000000	0.2108829194730534	0.4738939774566768	0.8651812117850320	0.0939195105312017	0.0995592964345400	0.3828959327111467	3.1242887470846087e-01	2.0339001749841708e-02	0.7066796996188955	0.1909516784591904	0.3696679020329918	-0.2564347616933489	0.4744943489907915	1.4897304424870537
0	1	0.0039062500000000	0.3017631016214206	0.6571199091417342	0.8090953085613881	0.1317021446915819	0.0515082860605364	0.0534222955132938	5.2349793892992025e-01	1.8451968580623174e-02	0.4015434112513777	0.4165684747166666	0.6537221291876545	-0.7465157211713079	0.6922938847037293	1.2869201771840646
0	1	0.0039062500000000	0.4577156083927097	0.7808683541514297	0.6920764421541600	0.4425602352444828	0.1191112809437845	0.5896367084186696	-1.1103555220404770e-01	2.0992404328131178e-02	0.0950392708314146	0.1468993413554224	1.2073778480823854	0.3669618365480016	0.8068494343541612	1.6783319530376739
0	1	0.0039062500000000	0.5786348472249856	0.5298992192977570	0.5950452567055101	0.3619168411762998	0.3042854537741679	0.8887233253981561	-4.6161284951597277e-02	2.1503417287990882e-02	-0.9291331918723822	-0.6896403397591248	0.3819606191426283	0.0895043470624537	0.9944033973118181	1.4249125922974883
0	1	0.0039062500000000	0.4765846549889933	0.1698202677861882	0.6097291147381668	0.5257471155029475	0.6189253803430709	0.5961962270532717	5.9517081324944210e-01	2.6981841469894751e-02	-0.0329899158131631	-0.8001450777780338	-0.9208398857343654	-1.1121815195900098	1.0240018913332176	1.0947440942614066
0	1	0.0039062500000000	0.2336562100023293	0.8298082998161243	0.0700902040442872	0.0988374213217001	0.9237278108129873	0.1696495009444884	3.8024817800585914e-01	2.3902958366170075e-02	-0.1211502149389796	-0.4495841875790406	0.7326586307983958	-0.9245821636118061	1.0282636696524239	0.7140054396848398
0	1	0.0039062500000000	0.4817333540328468	0.2254909119687467	0.8267694100862226	0.2908286625942349	0.3571930571259899	0.8782776961467591	8.5034059062203363e-02	2.3143190438683358e-02	-0.8477161453154874	0.7791176087717884	-0.2927571228719528	-0.1463293621557278	1.1461733234472411	1.2959885234385859
0	1	0.0039062500000000	0.3442509581075287	0.8149086655186996	0.6591460498325276	0.0363273997960274	0.2574689002975211	0.7782573312419734	-3.1611684169185367e-01	1.9438769818759635e-02	-1.3422022377449043	1.0387274520752685	0.1481256266068437	0.7802701401703150	1.4352164501877418	1.4259613692568367
0	1	0.0039062500000000	0.6259641082146969	0.8361037475225067	0.3081565500740691	0.2210093644545457	0.1980205882331452	0.6124420038482370	-2.3852102434883202e-02	2.3932949736315268e-02	-0.1205697569433767	-0.1489346493144599	-0.2061219717112369	0.2632283799013060	0.5817987260565685	1.0684611758794866
0	1	0.0039062500000000	0.1097326898527018	0.6746052436877997	0.7822622716344252	0.7194618045908687	0.2003523587250860	0.4011876515118348	1.0901782600988434e+00	2.5978792282963414e-02	-1.3984092258721419	1.7143374945360574	-0.0861795573102205	-1.5945090927568750	0.6866613746811803	1.0277436062509497
0	1	0.0039062500000000	0.3156580311784791	0.4340085687274153	0.2309959513279591	0.3857482352227663	0.5328459900491154	0.1547237616752851	-1.7387463290380537e-01	2.9698589965664338e-02	-0.2332287022223104	0.3676466943505394	0.5023498450852024	0.4957637106867771	0.4575193567513787	0.6622242525584574
0	1	0.0039062500000000	0.5553977361672547	0.0145793436163009	0.3802146736440317	0.3821671462534774	0.3054080062105358	0.7374077307700215	-1.0325013484552482e-01	2.7162142562793135e-02	0.3725638868063020	0.6156780232854354	0.7498889340736640	0.2218670969819239	0.1389204566864932	1.0106041565326698
0	1	0.0039062500000000	0.2604448419345752	0.6496589643180645	0.5523163958230598	0.9195908922327640	0.6859863645797531	0.8097852961205809	1.4447544655440729e+00	2.0331488404142919e-02	-2.0860861020676569	-0.9747849663017855	-1.5374713475339770	-2.0145320545651391	0.7096464989553045	1.0990840787105585
0	1	0.0039062500000000	0.6978482230090761	0.3119504723287888	0.6458890436430876	0.0060047726174839	0.5329598372489959	0.8439096318762329	8.0925715999237813e-01	2.1402712056912559e-02	0.8416389683052531	-1.1474861896933919	-1.6344979074016557	-1.0353546779792804	1.0683945513670037	1.3774768034349150
0	1	0.0039062500000000	0.6184467764657209	0.6426925271016977	0.5185148750983714	0.4007090476344847	0.3621543312269050	0.7188672338234574	-4.8404930156749994e-02	2.2538872355336526e-02	-0.2669460736978531	-0.4778886937297229	-1.0643343084994865	0.1456246695721877	0.5439414951889414	1.6250966077956683
0	1	0.0039062500000000	0.8018966996119808	0.6778123624053841	0.1528758020852114	0.0328926504742786	0.0635605971624891	0.6857217921343268	2.4542915036851981e-01	2.0377342532154282e-02	0.9481977473933325	-0.6866551351661462	0.9591819726171205	-0.3178590131987070	1.6682558841409472	1.2348952992215070
0	1	0.0039062500000000	0.1876164121495636	0.6189583337954051	0.7003011362162890	0.5678310857935953	0.0011254795832212	0.0057091419611634	9.9314943532069389e-01	2.0324875847975141e-02	-0.6657625316979732	1.0519702361397978	-0.4983680910921565	-1.2643999146457137	0.6867011470100011	1.1434407042295702
0	1	0.0039062500000000	0.3052388165636169	0.2615703215177964	0.6553681067448892	0.8575552123866766	0.1811612132848991	0.3413544708589811	2.2062617393239867e-01	2.2546177605975739e-02	0.4058984068028775	0.0900923552679897	-0.3802436225317353	-0.5173934391844024	0.4875666469421113	1.2258445888644407
0	1	0.0039062500000000	0.6673405085072576	0.8790094362939752	0.6533049431877700	0.3132295516846839	0.8850142089114591	0.1862647799711045	-6.8292931991701224e-03	2.0388250369928487e-02	0.8926625570222353	0.7521945536857225	0.2268352674002635	0.1184412152572769	1.2204255476436454	1.3169718122208878
0	1	0.0039062500000000	0.1571391830952555	0.5034609849115186	0.8289573070728021	0.6756540586592882	0.9041700330116647	0.1911116378340459	3.5862220954672386e-01	1.9422286398304935e-02	-0.8151906715378242	0.3001584235591322	0.0813282116757632	-0.6006415521359268	0.9298483750285534	1.4330715548406454
0	1	0.0039062500000000	0.3945212920170842	0.7060667321579842	0.8689240002394300	0.5473970945679569	0.7389593826322627	0.9324845978675804	-2.6397638565498971e-01	2.4903468164511219e-02	0.1328149610803934	-0.0203635576342438	1.3897488967624023	1.0562927803177107	0.8472486187779709	1.1281074974569900
0	1	0.0039062500000000	0.2331188862366224	0.9265757947818264	0.5514429311973242	0.9334200224529113	0.4944068801097604	0.5525684107805455	1.3847988729702498e-01	2.4241054501607285e-02	-0.2663632377391309	0.2647231039020396	-0.2746151668839682	-0.2525377821272871	0.8483219875019672	0.9832965627192408
0	1	0.0039062500000000	0.9391291648797361	0.7996456966733773	0.8141387322983419	0.5944972711589640	0.6572009090600539	0.9952999460489024	2.0561853247263559e-01	2.5446348645023709e-02	0.7905899991833828	-0.5382298010582499	-0.7774127764071379	-0.3915881896009311	0.8317071002336303	1.0153177053911866
0	1	0.0039062500000000	0.9358517420179452	0.3245414171016502	0.8743093818772162	0.5891566847400538	0.6377709687863341	0.7593235907886753	-7.7105453930552501e-02	2.4644646726462667e-02	0.0977188902898656	1.0355964986356487	0.1463920945863511	0.3445461008938503	1.2117065600511325	1.2583832071500316
0	1	0.0039062500000000	0.7754214651768195	0.7949101518815896	0.2627845752345326	0.6043787717839604	0.4705642100752165	0.1669546077805360	1.6660063668834194e-01	2.3644241409469365e-02	-0.0241563837868301	0.3081952774229807	0.6292500655443644	-0.3204396645605261	0.1376889676779043	1.1426842893616227
0	1	0.0039062500000000	0.7954904100836676	0.8650855025579620	0.8730213399385202	0.6644144098574363	0.4124825966602576	0.6119807221051216	-2.8119109708116263e-02	2.5454331512302284e-02	-0.3870298871783758	0.1480390740620163	-0.5662629163291271	0.0964961480969092	0.8037461464570899	1.2105396467243645
0	1	0.0039062500000000	0.5968990072593554	0.6456014828968800	0.5385565164212867	0.1483419379910184	0.5790215053497914	0.0329633965310470	-2.5529609533776459e-01	1.8841630276620676e-02	-0.3027966827619642	-0.7032592043479010	-0.5847606220039604	0.8974874529870757	0.8773597364600604	1.6687458375576913
0	1	0.0039062500000000	0.7009103487715639	0.5181506697638661	0.8326090932044243	0.5150490810699058	0.1126479404571689	0.4898100017988170	2.6594981013255586e-01	2.3904765584079089e-02	-0.0203195495195063	1.2346107339445616	0.2586573835163943	-0.4698721338767224	0.5774131582464913	1.2541997184284361
0	1	0.0039062500000000	0.5103490266531469	0.0484996820094528	0.8143514189004671	0.3846584080647018	0.6376563667495067	0.4521223872211400	6.3752655492622934e-02	2.6727222848157737e-02	-0.1051020895431917	-0.6080232910438601	-0.2469185167216910	-0.0489261163533757	0.8265010720784820	1.3175633974985412
0	1	0.0039062500000000	0.1439819983877158	0.4130778314606649	0.2470325391027297	0.4067665740879097	0.0174566032446253	0.7175967491779461	7.5771719600962725e-02	2.6861099849878372e-02	-0.2663474838653481	0.4656057034007178	0.6545542114979193	-0.1272409520843635	0.8440215361831367	0.6220707170759154
0	1	0.0039062500000000	0.5737211818684457	0.8129470133282929	0.5826822512702468	0.4467425218069658	0.4773614227200679	0.9951648479305044	1.7277579626113165e-01	1.9609130700318996e-02	0.4363629555664141	1.2412822221203612	-0.5303241803336340	-0.4283967301256317	1.1938311218251256	1.6500018857999732
0	1	0.0039062500000000	0.0587232434464261	0.0742604299794233	0.6407663308273844	0.5972797603333740	0.2226023679704416	0.2197878357115145	-4.2631076223961417e-01	2.4657051599065595e-02	-0.5576456676116663	-0.4865273848336971	-0.8034552244978288	0.8924019968023915	0.4686892270689555	1.0572637255754100
0	1	0.0039062500000000	0.6302431568644210	0.9235127172076668	0.7379385054753806	0.4628522496031841	0.4385617978119113	0.8505864459325496	1.7900988239594306e-02	2.3198637361501004e-02	0.3607805372379471	0.2437274327256900	0.4393616145323341	-0.0393590272065613	0.6033929264980108	1.2629796586626429
0	1	0.0039062500000000	0.9526622518676623	0.9489108244650581	0.8990861279420025	0.7670136703024683	0.3335692320640987	0.5367424942258477	4.3004561656387608e-02	2.5140663427217110e-02	0.5508661410554748	-0.5242541961492126	0.1851056200295559	-0.1005305807483667	0.3002533220815444	1.1971026087749987
0	1	0.0039062500000000	0.2191360575236082	0.4775512309174758	0.9498203261521739	0.4661685966263379	0.8843178050053855	0.9672769293967992	-5.5652014741794642e-01	2.0557517451498936e-02	0.5728403114614314	0.3228488021731306	1.5246832072352334	1.6216255316796828	1.0148959779447551	1.2474573711665735
0	1	0.0039062500000000	0.1837653453386227	0.4580389864081699	0.7802239422594308	0.7664475970745308	0.9047815082151357	0.2575853645138375	2.6634468479508749e-01	2.0765084304459409e-02	0.0972013693090779	-0.0299782686229366	-0.8038675753709236	-0.3172545229400133	0.6247712501364731	1.4290979529779855
0	1	0.0039062500000000	0.7616124445393739	0.9635047521272231	0.3318457944932607	0.4023787749010971	0.5607845119949358	0.5544481629293636	-1.8276758644291952e-01	3.1126487978660945e-02	0.6298987744332899	1.3181571107506009	0.2922539906112397	0.4579853529743865	0.3599077568608285	0.8832971642864185
0	1	0.0039062500000000	0.6221666106126116	0.1910276683936956	0.4779608796713691	0.3601051156223310	0.6538799179968796	0.9165226774832805	3.2037786879266528e-01	2.5644230479565044e-02	0.5233594848510595	-0.6488829208604492	-0.6672563944175353	-0.6910628964743430	1.0483101449080465	0.9142005689247518
0	1	0.0039062500000000	0.2106915610892193	0.6065421693988806	0.8654335014826774	0.1097776885655605	0.3735558397013489	0.1990027330811148	4.0611274649205364e-01	2.2135227565560436e-02	-0.0284717856454813	1.2252116382030429	1.0163266544127172	-0.5735736927980771	0.7999642426617355	1.2668288378990882
0	1	0.0039062500000000	0.6465201832570695	0.5926918972249571	0.6765539639985906	0.5963405089435821	0.0588604933856337	0.5608717685383148	-1.2110834889629125e-01	2.1820724037929777e-02	0.2870333533161460	0.1805999899383773	1.4598381059449297	0.3087935993441067	1.4543231075693706	1.3632149053959854
0	1	0.0039062500000000	0.5636174378747202	0.2426258387242564	0.0189107549464846	0.3438413796684898	0.0090734353331260	0.9236922631616202	-1.7905458960118020e-01	1.9289771110362987e-02	-0.4906090106691963	0.7928545433075318	0.0797496001264579	0.4663925762772153	1.0582764976279533	1.4162418583278384
0	1	0.0039062500000000	0.6014267441823272	0.7706858803381612	0.8871970148231820	0.9332725391412492	0.1730646547735970	0.4479815263524565	1.6462302232466079e-02	2.2005913770600211e-02	-0.5052897239193084	0.2237055937595812	0.4991513798168057	0.0550257015007229	0.7586482935880735	1.0705164883960279
0	1	0.0039062500000000	0.4877207016049515	0.7952312658518699	0.6390091947461521	0.9656815812763206	0.1553363810085395	0.2928891127430318	1.1110678485004795e-01	1.8760335825529561e-02	0.1013613301741207	0.6041998088776922	0.3179144468026763	-0.1307039683041754	0.4510542161797026	1.7822678704216752
0	1	0.0039062500000000	0.8822042582939399	0.3660279425634201	0.8994312821419124	0.7476377593109560	0.4758056311289806	0.2729871213776000	6.5074060136641243e-02	2.5219530067015668e-02	0.7926732557232834	0.9941335968655733	0.6421393499815666	-0.0042495490117404	0.6958393990349457	1.2164150556960895
0	1	0.0039062500000000	0.9466404923920708	0.1223258139203888	0.8656790186025570	0.6231944563906614	0.7186663228639710	0.9245395119881907	-1.1688172327984808e-01	2.1365636909753773e-02	-0.8029297826637763	-0.3200244078707961	0.2053366556502031	0.7106266984395492	0.8659763217902826	1.4403221569421039
0	1	0.0039062500000000	0.1840662244633149	0.2822837602730299	0.1671653507124471	0.2029769794097994	0.6261251399415196	0.1762387860455731	3.6664867462962197e-01	2.6987936581633766e-02	-0.0204976100916927	-0.1143692828308883	1.3526106386115027	-0.8226389600731411	0.7965345159659752	0.7498187023855557
0	1	0.0039062500000000	0.1266692425714197	0.2275518841238468	0.9469246663837343	0.0138662569289404	0.1608244227994347	0.1199893211573313	1.0822765381136850e+00	1.9253257802240339e-02	0.6081083220145661	0.1716431747975921	2.0494768822499601	-1.5393401088440735	1.8150250069330998	1.3613773828996940
0	1	0.0039062500000000	0.4618477837470583	0.6485451244043862	0.9152205870092011	0.1008569780275491	0.6142267052150456	0.0705569675520793	3.5880242727079792e-01	2.2043400766194682e-02	0.2870037457573809	0.0941977940921062	1.4426967597811309	-0.6694897876606504	0.9968419386213704	1.0065226768355779
0	1	0.0039062500000000	0.3937460907705809	0.4964309630433242	0.4365849101154995	0.2931773729124932	0.2440687218886189	0.9123905417101413	1.3821557649672961e-01	2.3876088634882320e-02	-0.5928632504565879	-0.5620315410705099	-1.3783397596850548	-0.2072716353294537	1.0515768434927710	0.8754390021590018
0	1	0.0039062500000000	0.5661644942900932	0.1907092138150284	0.0347163551648689	0.4318435128926502	0.8139036702056898	0.7533826784945012	-2.9733085410583682e-01	2.1025417475174706e-02	-0.1368151725928241	0.0383067593737469	0.1534922158840249	0.7615200246777807	0.6596266569682951	1.4598625625204640
0	1	0.0039062500000000	0.3563830244151796	0.9979698951346659	0.0356664383018699	0.5235483751276268	0.2009468740788041	0.6617915787090508	-2.3052571208328184e-03	2.5349165555458335e-02	-0.7482109502427308	-0.6577378680727194	0.8342764121754539	-0.0127307741190961	0.6736625530222852	0.9529909445474004
0	1	0.0039062500000000	0.6997871616388611	0.3276161166502238	0.8893434628328977	0.6467118275569341	0.3414823740448255	0.0501678851666711	1.5611105404000217e-01	2.1197069998667717e-02	-0.1355046394758633	0.2289042246182081	0.9278967846782060	-0.1747268586907822	0.8424647896129324	1.5036971937531680
0	1	0.0039062500000000	0.7667011487142654	0.8033301577918838	0.6987130095710573	0.6819217352578052	0.9041871358194329	0.3129397143204416	-3.4733127004817183e-01	2.2445774525994482e-02	0.9491442666755991	-0.2197601236362418	0.2751154274559853	0.8470878055023683	0.9149837041186298	1.1403461205404664
0	1	0.0039062500000000	0.7524787032755458	0.2979332265900137	0.8093706773637658	0.1890636129253840	0.5911105995025070	0.0534393987867233	6.8269416763085664e-02	1.9852750263959100e-02	0.5995621360044640	-0.6039058970154682	0.1434954297084261	0.0151710425311473	0.7224424492732141	1.5606679510960375
0	1	0.0039062500000000	0.1014541541698641	0.1572750933269388	0.2441486126017517	0.1361705098003943	0.5891186062195891	0.0580522828074416	-7.2020160855452139e-02	2.6713278215616726e-02	-0.1878371772155678	-0.0963057143070137	0.1135507316175775	-0.0095776265349367	0.5185152834437715	0.6514681829980147
0	1	0.0039062500000000	0.8895531882948955	0.9455016311004300	0.0560221774764462	0.9252196265967654	0.4690500057623955	0.2569690515552503	6.7253184477785111e-02	2.3063392635481340e-02	0.5059999885812019	1.2404130431684954	0.8310327400909877	-0.0133823564114494	0.8222597622394533	1.0632377176012449
0	1	0.0039062500000000	0.5870112048401549	0.1688371669355953	0.5845851686711354	0.4763546672073913	0.8155489949581907	0.9260675427159609	1.0729964386168356e+00	2.2686842627988434e-02	0.2041980133300612	-1.1676523182230940	-1.5641408202900466	-1.6601087374267831	1.0387741894357425	1.0486828156772603
0	1	0.0039062500000000	0.5265225523740624	0.5822501432067948	0.7293977000421834	0.2252355614794584	0.2641718784646000	0.6335848353959549	-7.1301089184876168e-02	2.4372074459627403e-02	-0.1272795851438867	-0.7194319518085290	0.9388835422042384	0.1977685388200575	0.5104633175331615	1.2487890097685810
0	1	0.0039062500000000	0.5381752757999000	0.0166505812744846	0.9315180619859686	0.3475459526980044	0.2057141941998686	0.5226286610228142	-3.0206195277339071e-01	2.7113357431273036e-02	0.2375966233633367	-1.3919466767818065	0.4393310197618286	0.7101631812130130	0.5464829451153558	1.2112486093390284
0	1	0.0039062500000000	0.4009853514847277	0.3071683488353940	0.6799037548154144	0.6451339645521408	0.4433388586357883	0.2690223605693422	7.2811091301160236e-01	2.7797361895352746e-02	-0.3096926486265759	0.5677066333137514	0.4792974446415564	-1.0848679296662544	0.4552940977749370	1.1516776300884233
0	1	0.0039062500000000	0.7031862473595824	0.3328920464650225	0.2145239912041109	0.7592084248360286	0.2581116725961267	0.6835739974321676	9.5686787324907804e-02	2.3611943849618743e-02	0.2968381458386254	0.0541346495431295	0.3256220898453634	0.1559867175538935	0.4391963782528494	1.0804270691072102
0	1	0.0039062500000000	0.0161774759256176	0.8451228779019428	0.8524111643677630	0.6007626445967530	0.3214775446436729	0.6679601588602924	2.0932388533232201e-02	2.6256165018519313e-02	0.8353936273134803	-0.6766745734121854	-0.2450178677412731	-0.0476534827627406	0.3701874079578696	0.9898884150971999
0	1	0.0039062500000000	0.5268301868470526	0.8480000974833966	0.2502103020670872	0.2562278864235747	0.0732356584971937	0.5143821805316872	-4.7875926454239387e-01	2.4573937194854033e-02	-0.4083972367605011	-1.0233455850549555	-0.7731605394478001	1.3144362670130141	0.8750468563394646	0.9651835138984262
0	1	0.0039062500000000	0.8898127222851909	0.6114109347627549	0.5310327618061718	0.8213307838054983	0.9589568874607594	0.7367469560060403	-5.9911814883887382e-01	2.0884473374836062e-02	1.3002128054891686	0.1656703105637586	-0.3558381856867059	1.6495343269749154	1.2844392721856246	1.0897694271652463
0	1	0.0039062500000000	0.3439594448283126	0.3599422389454870	0.0439153043757730	0.0238631991780657	0.0050762030319666	0.4872541630115612	1.6165592323952896e-01	2.1719483751968967e-02	0.4114677718267698	0.4517448683696481	1.0101582183418996	-0.2867086164554221	1.2040931327966291	0.9388438982635674
0	1	0.0039062500000000	0.2928855597474079	0.7082624503915489	0.8201462094765838	0.5074095514171801	0.4674708747619162	0.0782578820727104	3.6696291189095231e-01	2.3114932351866742e-02	-0.3325878541076042	0.6164698442741248	0.9416651061606212	-0.7429811817070985	0.4537427867773941	1.2234329307424034
0	1	0.0039062500000000	0.1909835483836865	0.4836483506875338	0.9233807599746533	0.0433947122857881	0.0844109952842868	0.2448583041526649	4.4399277512502522e-01	1.9889926051539653e-02	0.1129614591733792	0.5991005528727332	1.5174868835369584	-0.5956667934875901	1.2062508103067380	1.3481201348841638
0	1	0.0039062500000000	0.7113548716117418	0.6112411821313394	0.0928584011704002	0.9615651736788290	0.8674690690205754	0.1660940601332551	9.1747964098023571e-01	1.8622793682108958e-02	-1.6571687083969431	-1.2920719005706631	0.7917662094068623	-1.0557465319221060	0.6454996303945362	1.2076437306400007
0	1	0.0039062500000000	0.4759473537448549	0.7572817908401051	0.7775049948960100	0.0069801150853653	0.5786125741799421	0.7364618818911081	-1.7840734841295466e-01	2.0878490748967190e-02	0.5899388795774653	-0.1181079195285840	1.6972486082727198	0.4575170919378986	1.4579587653867452	1.3642440989455906
0	1	0.0039062500000000	0.7437270710914056	0.9225720190082547	0.0964041203709338	0.7876423759328399	0.9464352181863204	0.1014803234029004	-2.5030643781349249e-01	2.0001241377998625e-02	-0.7379858847545256	1.0418320245126069	0.5046306238510568	1.0476190951981181	0.9069202262067811	1.0719138161549886
0	1	0.0039062500000000	0.2748965384787398	0.2393207779337283	0.8097427737944493	0.0950427479553235	0.7467303293509084	0.2772136480907042	5.3116325285078103e-01	2.0816717482207418e-02	1.3504833392641165	-0.2236538775730264	0.2171819127528927	-0.9671588396480902	0.4258862019850556	1.3316659121923127
0	1	0.0039062500000000	0.1733006300280339	0.9377138777345949	0.7608619992438993	0.0966813895370259	0.9811085900203831	0.8452729945281861	4.0094372375672138e-01	2.2817310346418287e-02	-0.2034103268437221	-0.7923082963261581	-0.3348324422236806	-0.6668262048255416	1.5105886185210264	1.0317474592261378
0	1	0.0039062500000000	0.3415396936896908	0.6924634611664635	0.4565141761938641	0.4343980953257522	0.6540286343796312	0.3239832447487783	-1.1362874341126200e-01	2.5741856921418105e-02	-0.5125671802644972	-0.4509452539191595	-1.7303741859036397	0.3032879183667203	1.0592393818862087	1.0823931806727485
0	1	0.0039062500000000	0.6004921554590074	0.1299759876588248	0.0812650351232221	0.3779971498893561	0.1369561027441901	0.6598776097688254	-3.1457711386867698e-01	2.2807578926651046e-02	0.8600136917379256	-0.8932390334661584	0.3769476426957290	0.7688466918023917	0.6027097508129369	1.3173197212181382
0	1	0.0039062500000000	0.1144590313148028	0.8806831743012570	0.5824496283114188	0.2108631521513980	0.6683255497684356	0.5288848464977391	-5.3724787915583473e-02	2.8246933751633542e-02	-0.4607648154010576	-0.4786951675020154	0.1666759053906267	0.1630184786396531	0.6521816910680848	0.9069237847081814
0	1	0.0039062500000000	0.3123434755542984	0.9432220882471753	0.7682056244314674	0.1220862493487477	0.0382648357368376	0.5149359533167146	-6.9340596566692947e-02	2.1391062472437467e-02	-0.5978401232360088	0.2896146816259248	-0.0724781765048582	0.1907074270682693	0.6312285939350518	1.1504281685018021
0	1	0.0039062500000000	0.3992998974394518	0.2115654657648716	0.4526498305856482	0.1601618962176898	0.3082468553018974	0.4337584201403700	6.2757584083922152e-02	2.6854344499797896e-02	-0.2206507069425587	0.1191532564120944	-1.1300496106540594	-0.1883500523825937	1.0156361569666703	0.8484151051892218
0	1	0.0039062500000000	0.0054348902802146	0.6497865494572495	0.1262218813068335	0.4619490669397400	0.0841846443173404	0.7802505156864648	7.5667191992662364e-02	2.5888891735505345e-02	1.4035751566233829	-0.7403149289749422	0.5039478445586544	-0.1759405333050382	1.7767149610126749	0.7540855813611007
0	1	0.0039062500000000	0.7859323116885183	0.6846767997763478	0.9102265038109508	0.8671973472774016	0.0626739492000425	0.0471826060894796	-4.2750383020506894e-01	1.9759111782358289e-02	0.0480614245743921	-0.2040792589765600	-0.9965479687759344	1.4318698960489944	1.2068169026769280	1.2196483271079932
0	1	0.0039062500000000	0.5270749565805658	0.1771329805148453	0.9278657803907365	0.1095245844263232	0.3879961326662433	0.5961913296935109	-3.7742832092328354e-01	2.4077325878962656e-02	-0.5558856017712460	0.2198403690095585	-0.1163592300654947	0.9892873948660139	0.6700343963212089	1.4580967553854740
0	1	0.0039062500000000	0.6384094309240623	0.7003396086862029	0.5394134179406862	0.4066150548898685	0.8224258580349506	0.5776782536775238	-1.4961993164275553e-01	2.2310843786890414e-02	0.5495084313622298	0.1350834248777713	-0.4400784494111878	0.4629493684387622	1.0202144106515407	1.6943466599234112
0	1	0.0039062500000000	0.9215510082065831	0.2217257550087412	0.7892437199080566	0.3742008383265700	0.3818876516920923	0.0974905747442928	-5.5214417431764584e-01	2.2212825034774019e-02	-0.2033054214565470	0.4273208519327583	-0.8654370881287852	1.6161272712334127	0.9570237989461512	1.3440290184427279
0	1	0.0039062500000000	0.8079592589326013	0.3873225419723068	0.7472771242015422	0.9341811402394349	0.8492716089120468	0.8314617685188826	-2.3302351169210478e-01	1.9883891992041998e-02	1.2658761099408797	0.2343640242486306	-0.6803450193081233	1.0633476918520721	1.4069602746546122	1.4051537439252042
0	1	0.0039062500000000	0.7144316554602383	0.6352039206005651	0.5161385678295691	0.6246581588055278	0.5024012674123055	0.5788125170296117	-3.5118989302624265e-01	2.5705855311255441e-02	0.8056992083858895	0.1397438906143843	-0.3577206964787844	0.8880033710675558	0.6385634279728071	1.5360377984565865
0	1	0.0039062500000000	0.6718407653606686	0.0294762235272099	0.7559454980101182	0.5997065452857440	0.1390008079535332	0.1439416302107003	-5.3454003925154092e-02	2.2596712728280673e-02	0.4189210502526503	-0.0728755172326846	-0.3234753509829583	0.1256426923311167	0.3245464436446377	1.2142575802674906
0	1	0.0039062500000000	0.1958978749792547	0.7774102393432568	0.8442812388969032	0.7353112929199409	0.1840252937674640	0.6667070964661925	2.6044583548803601e-01	2.3015993179626323e-02	-0.8340134391019761	0.6606446773099232	0.6476943044558653	-0.5125726931228755	1.4369095047839633	1.0000605986512416
0	1	0.0039062500000000	0.3129895461318035	0.1055763019740471	0.8884328519405950	0.1022332655741988	0.4797771403006171	0.2703205031670260	1.3535204598149830e-01	2.2915967974745686e-02	0.0933491939536948	-0.1762258090195492	0.4386166607986800	-0.2497670497316165	0.2918290670522931	1.2157269856467119
0	1	0.0039062500000000	0.1997238407841529	0.2877363987675572	0.6576430451393328	0.9470009649856952	0.2219175385413307	0.5069146540513796	2.3151964716758272e-01	2.1791220810059433e-02	-0.1266677914091843	0.2617341623991588	-0.9003548548477409	-0.4855993051957575	0.7782784590300028	1.2988178048513976
0	1	0.0039062500000000	0.7784627335045778	0.9363491944672303	0.1421185741862834	0.2946013008684857	0.5610073528070968	0.6445198415985889	-3.9069174830826447e-01	2.6326668456146167e-02	-0.0490906668519212	1.5220551795607409	0.4045243718417945	0.9789505280946039	0.8534173943100072	1.0273205166990391
0	1	0.0039062500000000	0.8734138183637586	0.2328481177021042	0.6739960651257988	0.6293593159082156	0.8325546634535094	0.8129968730793320	-2.2302249015645332e-02	2.3341316766247528e-02	0.3279914031150893	-0.4232597997330701	-1.9827101748230480	0.2891919789794709	0.9029516336417411	1.0618884416122945
0	1	0.0039062500000000	0.7733009461189159	0.0284525379671029	0.5904071119569275	0.6175821850158191	0.7637638308870438	0.7744324061900528	6.4335199876117799e-02	2.5054061613828782e-02	0.4680580398212638	0.5846740006298942	-1.0961405317613473	0.0794169246702481	0.8283578905478810	0.9251025840145768
0	1	0.0039062500000000	0.2842892810163504	0.0767533765531859	0.8800087081640999	0.1727221324912841	0.1789866425930460	0.3597858479990558	6.8412175981799148e-02	2.2635145280170531e-02	0.1702416816492228	-0.4145017943915939	0.3671697449077491	-0.1503681416910527	0.2642191223306210	1.2111784205421734
0	1	0.0039062500000000	0.4430426356583101	0.3787104833771989	0.6475222472322743	0.1006856807976429	0.3257114478972328	0.8694397857736050	7.9220701105029590e-01	2.1765338469248375e-02	0.1080041445800643	0.9210936694488031	-0.2348270468478150	-1.1642802071899410	0.4687434230250636	1.1036178072931591
0	1	0.0039062500000000	0.6076003348490225	0.1041741809361494	0.8057889797751741	0.7497189090353059	0.3987754822702964	0.3667963325822709	-1.0971625999696516e-01	2.3743855566585755e-02	0.4394974930451254	-0.5117152502008349	-0.3810500074814783	0.3107437644946597	0.9674918049912775	1.3441817412578989
0	1	0.0039062500000000	0.3942387501682335	0.2721893001683938	0.5996444502843751	0.0682348148283711	0.9015486160766094	0.4321991132722232	4.5276436517999907e-01	2.1521089893659431e-02	0.2059806661069127	0.1424253693715937	-0.7411965030099711	-0.9821470995123691	0.8735646143501345	1.1081675437886229
0	1	0.0039062500000000	0.8812316879077031	0.6748495617298640	0.4606516512393261	0.4716387998646306	0.2924317462800218	0.2244154816607085	-1.6995927907456243e-01	2.5049500861487231e-02	1.4285940458850570	0.1691562675221485	-0.3484719828596973	0.4458841009244019	0.8372097423986326	1.0316924408240999
0	1	0.0039062500000000	0.2460712055890221	0.5767210277620335	0.3011688586795557	0.1260799132874608	0.7494431602533176	0.4801555012726018	-1.6331921240746902e-01	2.8474068765970917e-02	-0.2725097563783552	-0.3983424287052093	-0.8237653721969116	0.3835203581250131	0.6834534880140548	0.6428569649585578
0	1	0.0039062500000000	0.4858657612865165	0.1924857959116277	0.8588659846498007	0.1333880080531295	0.2931714767092706	0.1845774320813722	-1.7905195638778360e-01	2.0745689561617823e-02	-0.8404849209384407	0.5971059818550778	-0.1427508548056328	0.5557110577877360	0.8985230432757820	1.3568141913332341
0	1	0.0039062500000000	0.0028277938267346	0.9007718115582931	0.2887516134831829	0.8086167736019086	0.6504907201279377	0.6875270957534794	-6.6391812223328822e-02	2.6112122904273696e-02	0.6433424166038981	0.6190408452096446	-0.2321972886567781	0.1809026192097392	1.1191814474946054	0.7967219168979198
0	1	0.0039062500000000	0.1754131057185182	0.0447294698305100	0.9597163959218731	0.7750575564685546	0.1129642846588810	0.8612650115328212	-3.2468402356072601e-01	2.2312890108012684e-02	0.1229587768870575	-0.9901141921165205	1.5113062233226262	0.6604066274563305	0.7697876860459381	1.0519050746549881
0	1	0.0039062500000000	0.2072566692751165	0.9941959725665841	0.5361145727970239	0.6679083209801039	0.4658347719655534	0.8285463195427071	5.8378740363914189e-02	2.4390505473994104e-02	0.2518169603875021	-0.0979991325966242	-0.3398965153661720	-0.1186454270280520	0.4944382928864441	0.9583456945700054
0	1	0.0039062500000000	0.8923238026408123	0.7119059775545755	0.4052673468390793	0.1934926608547068	0.8379858908420363	0.1547105066267357	2.8900898289437915e-01	2.2318402471182747e-02	1.2416761891018611	-0.1515744854185651	-0.1650434792460475	-0.6831745824439227	0.6201464773813474	0.9732922232564697
0	1	0.0039062500000000	0.6736481621273086	0.3238516521285529	0.3471963025383634	0.5325141463114480	0.4572396601816824	0.6403677792476340	5.2982880852744066e-02	2.9310521788179011e-02	0.1082784393610551	-0.6860469806679372	0.2153291538672360	-0.0505758933707725	0.9905086362386062	0.9915316547907672
0	1	0.0039062500000000	0.7170915788584815	0.4600674540084170	0.5411395903402658	0.0058431918760031	0.2686842276103256	0.1916303100025422	-1.9573162331918537e-01	2.1240179335529533e-02	0.3137548602068989	-0.6072869916066199	-0.4802829337153710	0.5493624241353962	0.7548541569312265	1.4645354699016682
0	1	0.0039062500000000	0.6933702876294825	0.4440973333288437	0.2363597798330522	0.6530866830856943	0.2191548893317370	0.3493240644919333	2.4335842781346223e-01	2.4051005336816794e-02	-0.1756699594684880	0.5329445788516933	0.1165347953405662	-0.3298492753958991	0.5450076836954652	1.0393650569064954
0	1	0.0039062500000000	0.5143516941528542	0.4264115590725148	0.3435200370585174	0.0504662664842169	0.0943198795869573	0.8093548090240708	-3.3098826265142639e-01	2.2211308589650137e-02	-1.1677103899863288	0.1933181132063650	-0.5879885911926250	0.8839316755539121	1.1376842527096558	0.8710893454367612
0	1	0.0039062500000000	0.8790125860269240	0.9866436822277698	0.5212607865786463	0.2842799324003421	0.1801363430824766	0.3592466769550213	-2.1900164230261997e-02	2.7150518625583091e-02	-0.0821379817381545	0.7364497187557975	-0.3780583108800108	0.1484142868101272	0.5180164698437577	0.8387216251497343
0	1	0.0039062500000000	0.4389904394927390	0.8537845052097852	0.6830983290835742	0.7861867420311024	0.3862986515212332	0.1403379892652566	1.9545968552487922e-01	2.0437130347755177e-02	-0.3298234749941203	1.3439966760635360	0.5677978174450707	-0.3759614591913798	0.5181673576560728	1.5346683391437963
0	1	0.0039062500000000	0.4265545212787364	0.1033902299140534	0.6004054432736735	0.9676941116190022	0.1092334217900566	0.8690896708839990	7.4467383999785086e-01	2.1435969544340978e-02	-0.4320557093578038	-0.0961978596253332	-1.1354667147704747	-1.0643757432476399	1.2162313936306530	1.0375957248095624
0	1	0.0039062500000000	0.1593244216215445	0.8026037094195391	0.3131870042128428	0.3956842014545967	0.4556903920395721	0.5323418935445798	1.0770766131607427e-01	3.3592185036700098e-02	0.0676310577995674	-0.2350759512009574	-0.8127177907662185	-0.2685149480762163	0.3653638458932804	0.7379798710905187
0	1	0.0039062500000000	0.7450082664121912	0.9700420861924263	0.9587534526170945	0.0885283030050473	0.0205083522109819	0.0530733317383906	-9.1186245739378072e-02	1.8949009838205470e-02	-0.5248224501026880	0.4813721661447606	0.3921876385775777	0.2508770753117203	1.4189310447326566	1.1073556430038360
0	1	0.0039062500000000	0.8978831120291181	0.8995209387035672	0.0397170139661604	0.4191438981421031	0.1838008706382480	0.2198533570486369	3.9044861808295117e-01	2.2682564827718646e-02	0.9229899282278716	0.8355542045348685	0.4949977275703631	-0.7738412037472835	0.5607505372419750	1.1464959263081589
0	1	0.0039062500000000	0.7783905755627857	0.6227913101309870	0.0736378617927608	0.4614889041806985	0.4089780521620894	0.4599365133139940	8.6416008777216169e-02	2.7431619897385257e-02	0.5968910126018535	-1.0964194742561826	0.2399689686363352	-0.1310339439790808	0.6940780132012090	1.2742051844419842
0	1	0.0039062500000000	0.6018268934459551	0.8355325734408259	0.5633267432280475	0.2022323367196286	0.8032266845941668	0.6725601650181041	-5.3959996630591374e-02	2.2074608703640964e-02	0.5555904446830291	1.5047211040167534	-0.7582285671722004	0.1642169340120871	1.4312891538478003	1.4972043255953482
0	1	0.0039062500000000	0.0713220071379663	0.9625511062157113	0.4751638739719818	0.3845090113508091	0.3582353076703080	0.9308542660115540	-5.4015833345962619e-02	2.4713701049493515e-02	-0.2603425117835150	-0.0808119753253381	-0.4299238959337098	0.1339171573293308	0.3162530567841450	0.8780599527576014
0	1	0.0039062500000000	0.9168509053610502	0.1032435736168379	0.9008963517383189	0.8756043575124836	0.1917718766218852	0.9214047044149621	-2.2875890699569534e-01	1.9451608453804229e-02	-0.8528600989067635	-0.2772097238847549	0.9665708627778478	0.8568801326209550	0.3212042080212159	1.3249208321116031
0	1	0.0039062500000000	0.9286776897165355	0.0896549881853419	0.8209256426528682	0.9683947036826959	0.5087988867931063	0.0047265128254548	-1.6939161024708577e-01	1.9088611221726066e-02	-1.0065112845915791	-0.5458297247888492	-0.4263691163927866	1.0023283457434287	1.4490060655853003	1.3723413251730494
0	1	0.0039062500000000	0.1882480602656715	0.2871894618902306	0.6275178234221032	0.2618859220584323	0.7486783660709292	0.0364958751185312	-2.0013889861287273e-01	2.1776498841211904e-02	-0.1607466561798215	0.2651815175458547	-1.0403238474946424	0.4754152110338016	0.6104243068657507	1.2263152541319320
0	1	0.0039062500000000	0.7218224358380877	0.3505052595168842	0.8720284485593570	0.2851491786004739	0.5527375962365129	0.6752551326878625	-1.6128313374959510e-01	2.4510290479847086e-02	0.1016931202677049	0.3485337506172672	0.8034334645203346	0.4591109615692539	0.6575395733079238	1.5241518766787672
0	1	0.0039062500000000	0.9577093440842392	0.6240596033744792	0.6378062389035738	0.4328732175905599	0.0085686147252883	0.9960415465738818	3.7298623737335307e-01	2.0891854637626217e-02	0.5684745104381119	0.7576669798566426	-0.0827483733775951	-0.6012944489927493	0.9727293928374373	0.9798280865362851
0	1	0.0039062500000000	0.3637274836021138	0.9254195200863385	0.0992851197250584	0.2646238348747715	0.8010238771331608	0.2910569963469435	2.0442577458841180e-01	2.6461588011762297e-02	-0.7269393925864217	-0.9012634076062664	0.1795944923264409	-0.4347631173775042	0.8791235676403201	0.8286876335837371
0	1	0.0039062500000000	0.1860285388240724	0.7297015663840349	0.3807119845322855	0.0069541810112792	0.6980962696010695	0.8895108713253917	2.5858444794418506e-01	2.4826892639877120e-02	-0.4171635879675765	-0.4308655354519890	-0.9560043711289969	-0.6005485502492549	0.9389502683235141	0.7878717492563841
0	1	0.0039062500000000	0.0116806943023953	0.8863443298667411	0.1767003327499611	0.6391985177244984	0.1482302519251733	0.9253786992865516	6.9431045817931608e-02	2.3843372744604907e-02	1.3096760315359366	0.5056810117201291	0.1514120438555312	-0.1572773857434093	1.4850227848872588	0.8074074781697690
0	1	0.0039062500000000	0.6756943928430297	0.8700526877632609	0.2758839583377745	0.5477228409367254	0.1552018658980736	0.8286215545742873	-7.8468091233078560e-02	2.3066831835403045e-02	0.0081677294649697	0.3787160553258150	0.0558579599618837	0.2610790263946979	0.4906526630310756	1.0647652402321635
0	1	0.0039062500000000	0.2229779731589267	0.1129112095166516	0.4526811574831052	0.8607842120625006	0.5457844275728727	0.4612497722083935	-1.0905357547227761e-01	2.6138831208050519e-02	0.2168529529999668	0.1089251978322805	-1.1344862306158934	0.2885641111960476	0.1621611976974081	0.8484731625762031
0	1	0.0039062500000000	0.8568257581707210	0.9095119111749864	0.3866692918290707	0.9561108778957794	0.1741357455840966	0.1876931689622315	1.1983468045080860e-01	2.2789448917459227e-02	0.2745730607514262	1.0611976753886097	0.1760662177305478	-0.1911249905135015	1.2183307748634791	0.8909908168231577
0	1	0.0039062500000000	0.2471678737770616	0.3601642848738303	0.9173947353462664	0.6278798587750084	0.3671184658851095	0.6154910049473359	-1.6066232886396667e-01	2.6618516766896281e-02	1.4227223763199368	-0.1599723585972179	0.8970168916049164	0.4449979704052088	0.4319720077841601	1.3217444747295095
0	1	0.0039062500000000	0.5173907296347389	0.3787991601875048	0.5018353343484157	0.6940910628503613	0.0179976774463419	0.6500655862735890	4.5924455173532697e-01	2.1675678280503388e-02	-0.9937177985797984	-0.1708386642888273	-1.0092854324206817	-0.9313182056596334	1.4408246292496401	1.0630283092981052
0	1	0.0039062500000000	0.6194697616712515	0.6936920702893715	0.5201182735711887	0.8953537200090260	0.2414149107604357	0.6753201399349236	-4.6900744217597226e-02	1.9513583151792798e-02	0.0381587320626497	0.0275835165726126	-1.1575536542571936	0.0955632644976481	0.7678474502486828	1.6625882549906912
0	1	0.0039062500000000	0.7239752741176519	0.4643928843850237	0.7882313494515751	0.1766564311350959	0.3251770959818629	0.3340157765587865	3.1979965239555047e-01	2.2558281461948854e-02	0.3515196809074343	1.4724147671408823	0.3786473851726052	-0.7317353656637147	1.1202076639013590	1.4104723675994253
0	1	0.0039062500000000	0.6379062038091506	0.1820028541525839	0.2435276872681117	0.0245754951725600	0.1381137315827020	0.4176634333178696	3.4566490222378471e-01	2.2802994987872211e-02	0.8897514729140191	-0.2870762100539690	1.1760480324044507	-0.6588303938089746	0.6017267203957500	1.0237086422449844
0	1	0.0039062500000000	0.2122686641347914	0.3852816058254249	0.7778277181916999	0.1296633994810578	0.0131614641347721	0.1449461836111481	3.5718341271282572e-01	1.7967953115509982e-02	0.9545705735963892	0.1655938263654534	-0.5547783902864082	-0.4776315679532596	1.1790064588122053	1.4389938386146703
0	1	0.0039062500000000	0.7451544044283938	0.5305521937695109	0.5237453442643142	0.2469897383111481	0.2246432561542109	0.5417430217106561	-1.7981232017646312e-01	2.3729118234280807e-02	0.6734880113669545	-0.2017419484688056	-0.4072413892655891	0.5598569578135142	0.3621197916136136	1.4862535291914463
0	1	0.0039062500000000	0.8970553250503984	0.8441130178254624	0.2354350920000277	0.4171735981559258	0.7394667373688271	0.4768500027604634	7.2404964038583791e-02	2.8748485534427163e-02	0.9656827983217594	0.5469408444971492	0.5086887628802857	-0.1676535526882473	0.5527216714607515	1.0065197918621462
0	1	0.0039062500000000	0.0924937376251881	0.4634420110208178	0.9412428871454871	0.8807250875424245	0.6400984426215749	0.2664199831273500	1.0011431665897816e+00	2.3118157517850253e-02	-2.1118726505815548	0.5858561626854746	1.7927355770823921	-1.4710115436718447	1.2011844834280965	1.1422183990295240
0	1	0.0039062500000000	0.2147408636355497	0.2780046459650642	0.4484228372799339	0.4582685513693227	0.3025801411376242	0.5865365688626359	2.5968410242090284e-01	3.0101630154700423e-02	-0.0961624362380225	0.5324933898137149	-1.5786399087726395	-0.5436755150379619	0.9452663719719969	0.7880589502787283
0	1	0.0039062500000000	0.8759319846871924	0.5148488057380769	0.9718181746880609	0.6537597024132310	0.6445122052191348	0.9849796388228329	-5.4035281392688053e-02	2.3720498497239340e-02	1.2716781516517914	-0.0166937230518141	0.1865442912061178	0.2826173504979980	1.3162346123911295	1.0027150276497894
0	1	0.0039062500000000	0.7987058860243791	0.3896666091818672	0.5155318325923438	0.3224512298230320	0.6366563474930154	0.7401750887465547	1.2487261041057365e-01	2.5927789521714189e-02	1.4924853178420276	-1.5346768928189645	-1.0236909146393145	-0.1238704558735159	0.8728485623664773	1.1018810910657557
0	1	0.0039062500000000	0.8641942519993494	0.5337116720777525	0.5842881065720171	0.0996293435337159	0.9508852706993396	0.3237548434751829	-4.7293612945563820e-02	1.9821377631538309e-02	1.2671134966789150	0.0126902656687960	0.1236169894766836	0.2569213165724682	1.2119416431734273	1.2070666717755221
0	1	0.0039062500000000	0.5764793462941793	0.0433790078588664	0.7871968549616620	0.5177222334396663	0.9241040954012909	0.4272952971175757	2.1722670636981639e-01	2.2877608305054330e-02	0.2721339952934254	-0.5345301845878366	-0.2250132469625021	-0.3677639649018674	0.9296747791849087	1.2940718052937192
0	1	0.0039062500000000	0.7841422165670163	0.1388449590368406	0.7052999430826399	0.2325650533812889	0.5971135104061633	0.0078800837546029	-4.0915393294996905e-01	2.1848809990240341e-02	0.6789408005805111	-0.4640755563018293	-1.0841899312550380	1.4077740567298234	0.9132150000953775	1.1205680852572633
0	1	0.0039062500000000	0.8191016222439248	0.4730454946276944	0.5227288894926798	0.7909197969319857	0.1268051965752641	0.1672410942461533	-8.2936152397354912e-01	2.1771603678779072e-02	1.5648944014151902	-0.4818528252719808	-0.6393622055191648	2.4043706731577159	0.1614957213127810	1.2313649286276944
0	1	0.0039062500000000	0.7758994352891573	0.9255110825996432	0.5569077034280205	0.2914312674158399	0.2479623124226752	0.1935640509210360	1.8726598221038032e-01	2.4776961635763671e-02	0.8174629395818317	0.9859415375526096	-0.4345114194422194	-0.3137554073055952	1.0815015392243008	1.0029602837731524
0	1	0.0039062500000000	0.0316063561623946	0.1121565639563634	0.7272757229987884	0.6158944627344117	0.2117859074900793	0.6781609932324667	-2.0807308616360751e-01	2.3664986138391408e-02	-0.3860416533567239	-0.5547824263540376	-1.5770513786330753	0.6461425161484785	0.7843822944811605	1.2511054362698193
0	1	0.0039062500000000	0.9396493062095946	0.7882652537842585	0.7215400015569944	0.7268461607055954	0.3059874867582635	0.6456440964926240	-1.2607880592780321e-01	2.6580530919833950e-02	0.5578074472714122	-0.1074286273716819	-0.5659888896039169	0.3618865036153775	0.3552142223169606	0.9324625431776435
0	1	0.0039062500000000	0.1541414573575098	0.0901297028596186	0.7844890555294646	0.8594414004401497	0.3226947562409075	0.3816025654699665	-1.9876266585524552e-01	2.3872656399429003e-02	0.5390887812335232	-1.1737770611783718	-0.6446258376329860	0.4600977416468502	0.1702421165634984	1.3060402324348570
0	1	0.0039062500000000	0.8673214846604138	0.1417963784848323	0.8546480600976609	0.3900503736874323	0.9327161754168179	0.9814532566729249	-6.9642763571190439e-02	1.9905373393342543e-02	-0.7510879870977822	-0.7327329110787008	-0.2984751386650732	1.1207576131657775	1.0039176946922066	1.3465560851447627
0	1	0.0039062500000000	0.5572914683992469	0.7086156102403139	0.9069643392725681	0.1141991713616062	0.0000468776561538	0.1549266512295821	9.1696582644111499e-02	1.9606402891875090e-02	-0.1840643957185417	0.3509930931354817	0.8098293559728822	-0.0500993911867751	0.4664021624648140	1.0378786454991664
0	1	0.0039062500000000	0.3077632222826421	0.0316532338185484	0.2670832151859455	0.0350389452814306	0.6475476965529601	0.4788691226760247	-4.3639034188843273e-01	2.6868220467028504e-02	-1.0084526912490330	0.3438971268128099	-0.2189138143971159	1.1730425899797285	0.6016338637709301	0.7682772628550293
0	1	0.0039062500000000	0.7131999385138973	0.5871970022968934	0.2671343759946220	0.4347399396052304	0.3140431630024887	0.5731218632185467	1.2200531906003936e-01	2.8564905308558815e-02	-0.4461706599842241	-0.2397047905186831	0.0956849368218289	-0.2383394583125431	0.5861331463428749	1.0422936629768800
0	1	0.0039062500000000	0.0803840360978544	0.4681846203599985	0.6632515660781654	0.8648730916273190	0.3276260208001481	0.9859463227847342	1.8239848665016634e+00	2.0858181355204630e-02	-1.5886944449625495	0.2296665546827331	-2.6209793317557848	-2.0295809169258123	0.4887496746489698	1.0790985127414841
0	1	0.0039062500000000	0.2464756570972854	0.1949475049949007	0.1277427008039051	0.1011237167292851	0.5849978786823330	0.0604588757550618	7.6354472031169118e-01	2.3630325959751806e-02	0.0545053853544870	-0.5542901439948553	1.7680208136829716	-1.1012778890275701	1.4951148812248023	0.8084284265212102
0	1	0.0039062500000000	0.0825769734022100	0.1422893466159186	0.7690744859953758	0.9895413126747782	0.2564885184431861	0.7691213636515296	-7.1842973847087002e-02	2.0349363302465714e-02	-0.0691855225943491	-0.6278876118823147	-1.2039020545982793	0.3584182488655573	0.9845947309828211	1.4242336059033285
0	1	0.0039062500000000	0.1444679634386990	0.5642517407258282	0.8007745974700780	0.4115511786246445	0.5992906860072588	0.4483222935573767	6.6893640411663824e-01	2.6483664717735222e-02	-0.9098575786798870	0.6796058115102734	-0.2088042449096450	-1.0089994216882012	0.2915249760614795	1.2878846984421701
0	1	0.0039062500000000	0.8904203013006692	0.3124906245211561	0.0355192958542701	0.1575546768296299	0.7472305641263866	0.3495624588567589	3.6026054528679013e-01	2.3532318165144523e-02	0.6025872902479226	0.0904639263459042	1.0926757624784220	-0.7584951077246609	1.0461030425750923	1.0326579660235622
0	1	0.0039062500000000	0.7306765400481767	0.8276146002242409	0.8177470792167574	0.3939281061263420	0.6924876918515599	0.1453730995512442	-1.9537382763172320e-01	2.2626981377312446e-02	-0.2333321618309056	-0.2008204000657442	-0.1484946648303984	0.4500587559320454	0.5841695483242001	1.1607825949839248
0	1	0.0039062500000000	0.3798744284454149	0.9389633489488454	0.3403206045461449	0.5076171292493200	0.0400870652124691	0.9253184836941392	-5.9387771648766782e-02	2.2573451651048879e-02	-0.9913275257692585	0.0956293225615427	-0.0586568668091502	0.0675315810740120	1.0609635050403350	0.9325882391998933
0	1	0.0039062500000000	0.5680760050043817	0.1226640386146791	0.0676078298443965	0.3371504905340962	0.1122053508237961	0.3240963482875825	-2.2914731907097161e-01	2.3132742180041369e-02	0.2493450697562103	-0.9031892769262411	0.3076526826022905	0.5585492154073926	0.8209041075047457	1.3536932863122406
0	1	0.0039062500000000	0.1062718541856258	0.2566733142624951	0.8883480894790721	0.9070464516557039	0.6682244928871396	0.4876387750206696	2.9009225660711357e-01	2.0931388106659045e-02	-0.4395755968451098	0.2723534343754883	0.6964730383980973	-0.6088583877883130	0.6986499678808319	1.5212428108563352
0	1	0.0039062500000000	0.3553687452130805	0.5586447937221475	0.8001293995418257	0.3908880410673507	0.7161994710174386	0.5473599636682123	2.0772533937134879e-01	2.6350221257768255e-02	1.0864446204787490	-0.6968662707871084	-0.0283732388303011	-0.4278590059364834	0.7872879598969649	1.2031281610427442
0	1	0.0039062500000000	0.7404504999241095	0.4468760105999541	0.3749745634267920	0.5581975786752056	0.8408041167262961	0.0674622548126906	-1.0422305117493932e-01	2.0708595213568208e-02	0.7375617809101493	-0.3873233428062963	-0.7872883141514369	0.2337421852654624	0.8725396383373429	1.0760643200373148
0	1	0.0039062500000000	0.7035706786921111	0.2206785447060496	0.0064256032958746	0.0438912827725947	0.7282956739553695	0.0465126689740050	1.3590842153509372e-01	2.0009255499072467e-02	1.1490579580148228	-0.5983044915685202	0.5978227493938804	-0.2150719735275565	0.8547497129816949	1.2844964528771010
0	1	0.0039062500000000	0.9692097664667338	0.2963716784940901	0.1691767075886841	0.0368175963111304	0.6335221694938477	0.2813820588781415	7.7207818900621905e-01	2.5682682793325699e-02	1.0027869888178795	-0.3057753651478853	1.2604318753026618	-1.2155525116973369	0.5138317074434683	0.7504246129965298
0	1	0.0039062500000000	0.3609139445987130	0.7397940236794734	0.5380553731406366	0.2492620336121237	0.6468404748695160	0.2062798660277761	-3.0820816162279607e-01	2.1575182299952117e-02	-0.8419337930729232	0.1640596914171735	-1.3090052224795024	0.7090981460382479	1.1597313887264256	1.3953272399030214
0	1	0.0039062500000000	0.7369008090984546	0.0022092196169352	0.7649246597499236	0.5370302081746190	0.3930972606842859	0.4811241303017010	-7.2372877219396392e-02	2.7980118023062866e-02	0.2534377560070338	0.0136449947214186	-0.2931983613490647	0.1931649150328966	0.2919488681295337	1.1749634838679164
0	1	0.0039062500000000	0.0843901713771700	0.1335477601427342	0.9280001413673163	0.4593647352696232	0.6917453392836010	0.7688042576279511	1.2616058893197624e-01	2.3704446083152076e-02	0.0594913667877555	-0.8609938743313493	1.5054084018562566	-0.0984084431506199	1.2804966199508101	1.3470738233344075
0	1	0.0039062500000000	0.5268269900823138	0.3953160175100509	0.9894828027996621	0.5332525938438496	0.4392073002826457	0.7177784762893703	-2.6110910559933742e-01	2.6484419420595068e-02	-1.0316150785498903	0.9693283440568315	0.2993788251282751	0.6201614354677473	1.0689850946675523	1.0865277669967395
0	1	0.0039062500000000	0.5797652628178547	0.4084170667493796	0.0141501547834604	0.7489419704065388	0.4452346630605099	0.6476723242773080	-1.2725212059686794e-01	2.4814876345901977e-02	-0.9039734502777822	1.0091253150919088	0.3508123918823718	0.3684735380112368	1.2272741389861381	1.1214841312353485
0	1	0.0039062500000000	0.0303240288190190	0.8061486076592228	0.3874663474911201	0.5683794024253168	0.0554106412713465	0.0343068218949748	2.8553013559643528e-02	2.2708755505079212e-02	0.3958487987514688	-0.3178257467221017	-0.1361871421969521	-0.1030534850463485	0.7393524045122793	0.8235233506700124
0	1	0.0039062500000000	0.7746592684530929	0.7923114503698011	0.0365160419775713	0.5395839277373552	0.3293416580787588	0.4296133026618573	-1.3054588206416681e-02	2.5049966647936916e-02	-0.6078043638158200	0.8164059483899109	-0.1874664148481614	0.1916054818140146	0.9656159792424741	1.3592103937591555
0	1	0.0039062500000000	0.0207080580390562	0.4137318299215901	0.5631610632702527	0.9487081994063725	0.8730965651912133	0.2549064020881925	-2.8247078279536170e-01	2.3126449012960532e-02	-0.1059477382265141	-0.2741795946578769	-1.3805574356274639	0.8579455025412853	0.9663116305149698	0.8891677943246981
0	1	0.0039062500000000	0.7175124565686622	0.3999235548078658	0.6502224195982433	0.7069952589026630	0.9331761486517154	0.0894297194152277	-8.3627088696298327e-02	2.0882811576854621e-02	0.3552345181637477	-0.2198995102766274	-0.4164624745788411	0.1956394650991292	0.9738669335612959	1.5120575914358227
0	1	0.0039062500000000	0.4247737351920333	0.5129414110039088	0.4978467861646073	0.4389238899754937	0.2618833814104476	0.9430814492251172	3.1274707155109277e-01	2.3611188573684039e-02	-0.6941821788105157	-0.8255589104675319	-1.1064895740373699	-0.6461158805998684	1.0390511415887516	1.0392160883859407
0	1	0.0039062500000000	0.0865962137871404	0.2922074102294666	0.7492300568843401	0.4740625612782606	0.8605868126547834	0.8046406981556866	5.4486710851130361e-02	2.1119568020609561e-02	-1.0590862002390580	0.3471506169595350	-1.0632097816035975	0.1555049260792645	0.8680024851127078	1.3794085538041747
0	1	0.0039062500000000	0.5083693831732354	0.6352460806422150	0.5969521480598264	0.5448854251508067	0.1748300083795702	0.9262938061385853	-2.1584875321302410e-01	1.8754459721397755e-02	-0.4692194635430806	-1.3449320496486383	0.2320073068633827	0.5694628212186522	0.7235789921851484	1.5780376040806336
0	1	0.0039062500000000	0.9744987282783253	0.1955380664186264	0.3400256355945140	0.5376597910829167	0.1442462653593376	0.2131222003200660	-3.0882735478130019e-01	2.7431239128547572e-02	-0.2662215215715170	0.1486807294399242	-0.2105922534315294	0.7697108348508985	0.5731694732570173	0.6388649823172269
0	1	0.0039062500000000	0.7925661931711092	0.8617587219279998	0.6130457555935931	0.4427886123036913	0.5687539808306629	0.5462219037796473	-1.0207428921167744e-01	3.0062877628382046e-02	1.1992269042328925	0.4388702402493224	-0.0845328342491925	0.2563199233219060	0.1372660581655825	1.0765654122924122
0	1	0.0039062500000000	0.5322183317189190	0.9935277160226962	0.0591633147835561	0.0300651178835263	0.4324516055325286	0.3210466961940037	-5.3101344703843763e-02	2.3748944850711270e-02	-0.0097460224739844	-1.4746429618794175	-0.0034228220945805	0.1342659283784533	0.6686399242819911	1.0683831037452349
0	1	0.0039062500000000	0.9731465671086436	0.5190478193196690	0.6132541064234702	0.7223766235273222	0.9931103805979297	0.4738409190782537	-8.9502086480755694e-02	2.2629301419087092e-02	0.5360702293551710	-0.1237834476211514	-0.4932101712278267	0.3513202782968279	0.9435181420066895	1.0126755415057200
0	1	0.0039062500000000	0.5270173212173476	0.5014797633055038	0.1090869992548074	0.1239694688115127	0.0463651884563105	0.2839170076343775	-1.8334698763896276e-01	2.3080958752075408e-02	-1.1163261748627629	0.8066701985718377	0.7208484512269806	0.5569738663747962	1.5173401958991326	0.8594233278918978
0	1	0.0039062500000000	0.0502632749500979	0.0208639162689745	0.4794550740530040	0.3902889105446120	0.5585237073518912	0.6237013394123415	-2.3293791824301610e-01	2.9553751964773844e-02	-0.5789342064776555	0.2283021431944422	-0.6232452178479632	0.6145127255125419	0.4206029073387023	0.8652395976947104
0	1	0.0039062500000000	0.6034111113303393	0.3510899000573391	0.4854600613403414	0.2164568664582711	0.7938785123610304	0.0542140417053430	-3.9812547623321586e-02	2.1381923495934891e-02	-0.5736810252794413	-0.8170407391486757	-0.8854609715524707	0.0107755957696402	0.5786536731901937	1.1210446847123874
0	1	0.0039062500000000	0.7626787702379184	0.3260968436142881	0.0477417572623779	0.8218420850214745	0.3561619614978144	0.4801933627949065	-7.6317280091697748e-02	2.3630196796697488e-02	0.4446235817062430	0.1617013552935707	0.5288026164542760	0.5734707799272196	0.7020657294569287	1.1726545884630941
0	1	0.0039062500000000	0.1428887807498168	0.3293085286064579	0.9992411821145756	0.7561428876389483	0.0516851516681189	0.9923515622468440	-9.7034025951968972e-02	2.0366736539684030e-02	-0.3460432010635866	0.3693188190911688	1.6049887722041887	0.3536886665392912	1.1939211028566852	1.1849920318327449
0	1	0.0039062500000000	0.2299838062515407	0.5787024733511277	0.4938313250866864	0.3390708055063480	0.7026719421626404	0.5401965135429969	2.9191859345216270e-01	2.9668570770888740e-02	-0.8753805898357150	-0.8514135818172213	-1.1582471738779769	-0.5720097281009210	0.9722957567620717	0.8833199011613623
0	1	0.0039062500000000	0.6229878136063869	0.7529352171127383	0.5610604298119715	0.1024428871937296	0.1432241276573502	0.1195841366982014	1.5411224799322362e-01	1.9459708895849123e-02	0.7744074913693025	0.6051175899682543	-0.1763529066960728	-0.0768582445343234	1.0753267659532431	1.6959913657606434
0	1	0.0039062500000000	0.7261442270717324	0.7466352389876895	0.4706740367555404	0.2116042879464125	0.9630921054459606	0.2645525486509095	-2.1736626684861202e-01	1.9696904149390536e-02	1.0304391459463966	0.7821529039383246	-0.6875291909912842	0.6601491000822042	1.3729498639998265	1.3100439081093074
0	1	0.0039062500000000	0.2658183296517554	0.7257708752182177	0.5906493927308588	0.3135600869141333	0.5476129602396921	0.9468113542286732	1.8775394466355516e-01	2.3099154016275616e-02	-1.5979509621976895	0.0729243515359995	-0.4701047642556968	-0.3570881504674588	1.9144822794585479	1.1993484206184377
0	1	0.0039062500000000	0.7937534497090398	0.6905017409895089	0.2761198823694698	0.7929946313579542	0.4466446281627960	0.3278050345032499	1.8510206116321071e-01	2.5326362124067595e-02	0.4495925483957504	-0.5724510183581752	0.4494344438506003	-0.3983101659446155	0.2254350798321346	1.1053221688497030
0	1	0.0039062500000000	0.7853461931391369	0.6766284344143366	0.9065075078543776	0.2791775177601620	0.0156992399206847	0.6091794495513567	-7.9704421862489605e-02	2.2206842752772578e-02	0.3207481327444626	-0.3757667500477098	-1.3373748336503697	0.4821560662114450	1.0751674137737712	1.2075594570433870
0	1	0.0039062500000000	0.8193740317688203	0.6386870535270717	0.3621146666640950	0.3804344611151305	0.7411299407208012	0.5053387943214452	2.5190359897108283e-01	2.6916235458537090e-02	1.1344931822660171	-0.5013414111633181	-0.6424928639539051	-0.5994490737445090	0.4551203878875886	1.0599453571746971
0	1	0.0039062500000000	0.5000185982789931	0.4672741673268723	0.2519740328434734	0.9706926350345335	0.6788784552732848	0.2150661378237727	2.4326267001527281e-03	2.2722914741116068e-02	-1.2252136422692885	0.6990903922350165	0.0063829675899572	0.0762343347578625	1.0949359388899678	0.7957854439733730
