0.000000e+00
256
6505280	1	0.0039062500000000	0.8401877171547095	0.3943829268190930	0.7830992237586059	0.7984400334760733	0.9116473579367843	0.1975513692933840	1.3571866762521736	0.3763523446275591	0.2043140556174827	1.1012631460440772	0.6751740284170039	1.3160764994059473
6505280	1	0.0039062500000000	0.3352227557148890	0.7682295948119040	0.2777747108031878	0.5539699557954305	0.4773970518621602	0.6288709247619244	-0.3358662328817044	-0.8223005296601656	-1.1288331582395275	0.1656296745850632	0.1653956603402125	0.7425254518459500
6505280	1	0.0039062500000000	0.3647844727918433	0.5134009101956155	0.9522297251747128	0.9161950680037007	0.6357117279599009	0.7172969294326831	0.5049827267633809	-0.0830199259885381	1.1934806355181182	1.4652657819202939	0.8950339903208013	0.9972953709094564
6505280	1	0.0039062500000000	0.1416025553558034	0.6069688762570586	0.0163005716243296	0.2428867706297370	0.1372315767860187	0.8041767542269904	-0.4640687892873799	1.0249257450811715	1.8511451451127232	0.1968173432178316	1.3128332136293637	0.8267758140800917
6505280	1	0.0039062500000000	0.1566790892540846	0.4009443942461835	0.1297904467814557	0.1088088020257693	0.9989245180035590	0.2182569053109069	-0.2364221923996797	0.5608808358536197	1.7795255136669719	-0.5657065447293314	1.7952595449136588	0.7765992637892218
6505280	1	0.0039062500000000	0.5129323944043984	0.8391122346926072	0.6126398325956612	0.2960316176973430	0.6375522677030192	0.5242871900667843	0.1492290117069113	1.4985694275894546	-0.3860607411751638	0.2023558277903164	0.9367707518624580	1.6325063197493963
6505280	1	0.0039062500000000	0.4935829869907270	0.9727750238835695	0.2925167844130270	0.7713576977939148	0.5267449792133388	0.7699138362751873	-0.3293534073674931	-0.0439032358837420	0.1679884411569862	0.3606509724643814	0.7140572016246401	1.0961346003965202
6505280	1	0.0039062500000000	0.4002286220901779	0.8915294520051822	0.2833147460051415	0.3524583472648907	0.8077245200088827	0.9190264739650424	-0.9157861126803917	-0.7051455332079798	-0.5022940741460237	0.0901477112466336	1.2093816764400693	0.9148304288465999
6505280	1	0.0039062500000000	0.0697552762319126	0.9493270753646861	0.5259953502221011	0.0860558478562421	0.1922138459944231	0.6632269270081198	-0.3300227366653752	-0.3514425400773835	-0.0550139674712559	0.5772074306245026	0.3053488550907072	0.9072109529254564
6505280	1	0.0039062500000000	0.8902326025488938	0.3488929352485076	0.0641713207886421	0.0200230488646883	0.4577017372742769	0.0630958383265398	1.3444641820156666	0.4727984956206283	1.5160377680019614	-1.6685307875817736	0.5966061253001276	0.9732798597605545
6505280	1	0.0039062500000000	0.2382799541755952	0.9706341316786754	0.9022080734848082	0.8509197867712563	0.2666657493760184	0.5397603407221662	-0.2605452171565843	-0.7911198174145635	0.7228222467184470	-0.3627286692328068	1.0131602859250914	1.0595493184571241
6505280	1	0.0039062500000000	0.3752069763723793	0.7602487363667454	0.5125353641400744	0.6677237607854063	0.5316064341606602	0.0392803433534132	-0.7588906470938636	0.3562714160241982	-1.5747096183085252	0.6252933270555842	1.2594983209218900	1.3254246049691167
6505280	1	0.0039062500000000	0.4376375965949323	0.9318350562508382	0.9308097953585953	0.7209523430657351	0.2842934030500676	0.7385343149018168	0.0251437780287545	-0.9436417119222978	0.8959836941651771	0.3074668730453284	0.6981982381295747	1.0531405820142798
6505280	1	0.0039062500000000	0.6399788165651163	0.3540486797476414	0.6878613902665029	0.1659741663215561	0.4401045276038835	0.8800752362609260	-0.8298385946272436	-0.1461535761655268	-0.4267999625075819	-0.7981865233768187	1.3762590581991108	1.4868922332515422
6505280	1	0.0039062500000000	0.8292010933296760	0.3303371296871161	0.2289681710437723	0.8933724145839793	0.3503601785518043	0.6866699083180492	1.2856432062036964	-0.3028484188315587	0.6323886176093764	0.6639871158796825	0.3231478218223190	0.8597054207586196
6505280	1	0.0039062500000000	0.9564682529105192	0.5886401331930609	0.6573040395310633	0.8586763259296661	0.4395599194986559	0.9239697889070817	0.2584492079749554	0.5251173243456740	-0.0312037456581601	0.0059157042023640	0.9727722959263386	1.0121957836959221
6505280	1	0.0039062500000000	0.3984366666518322	0.8147668963366965	0.6842185252738271	0.9109720307919067	0.4824906566564416	0.2158249589688261	-0.8143179993959772	0.8306038422388383	0.6569513956610805	-0.4607812421413170	0.8231851814706828	1.5710097173640585
6505280	1	0.0039062500000000	0.9502523741453198	0.9201282537170352	0.1476600147540029	0.8810621695039152	0.6410805963171090	0.4319534182697318	1.1600466608163300	1.0735938447813103	0.5558233654792515	0.6264880727843239	0.5230697826218165	0.8963593275667143
6505280	1	0.0039062500000000	0.6195964839400707	0.2810594124165640	0.7860020980173732	0.3074578737409124	0.4470335792037815	0.2261066251555954	-0.7871964370480546	-0.2478363210116439	0.0194812239354081	-0.2576324345803145	0.9075686840473416	1.4744368046737204
6505280	1	0.0039062500000000	0.1875331095361771	0.2762346720677962	0.5564437553083728	0.4165012805799494	0.1696070861861143	0.9068039338601771	-0.2658892014241451	0.6506597406538114	-1.8577115972515619	-1.6150974995370782	1.1355676164272299	1.0421225674208867
6505280	1	0.0039062500000000	0.1031711884323373	0.1260753390966334	0.4954440665875767	0.7604752284290619	0.9847516650262995	0.9350039865518939	-0.6417874350615356	0.1346079112566286	-1.0823511781434758	-0.2410516344719875	1.0574683467834272	0.8991570262738172
6505280	1	0.0039062500000000	0.6844450168704823	0.3831883312124705	0.7497708824229291	0.3686635416786482	0.2941603620043771	0.2322615386137094	-0.4072137105759910	0.5178452547110431	0.0508021955358309	-0.5273051267061454	0.8502419829676030	1.6103962208340867
6505280	1	0.0039062500000000	0.5844885006474743	0.2444127356840357	0.1523897918650833	0.7321485158671385	0.1254749047222896	0.7934703881821923	-0.3383566936209884	0.4783533882163454	0.8934533480369043	-0.0067364406038161	0.9020288684452805	1.2389594272805657
6505280	1	0.0039062500000000	0.1641019336712090	0.7450713891280216	0.0745298005987563	0.9501040316885822	0.0525292624032727	0.5215633798025378	0.1706630762855038	0.0187082008097095	0.8215470754388008	0.1153818239565964	0.9303352021854757	0.7000459732356180
6505280	1	0.0039062500000000	0.1762106563785163	0.2400623724051110	0.7977980518703340	0.7326544116868891	0.6565636529850605	0.9674051385221095	0.5569835189565001	-0.2684500329938196	-0.4816690051890421	-0.2783236419978729	0.4397527307733455	1.5345140788174632
6505280	1	0.0039062500000000	0.6394583455470663	0.7597348418830591	0.0934804771530817	0.1349024116689816	0.5202100698464597	0.0782321417137199	-1.9487016020449346	0.3261203875133316	0.3707740546137507	1.3769278174068817	1.2306712442477121	1.0264686514027701
6505280	1	0.0039062500000000	0.0699063977552142	0.2046550862512808	0.4614204733918516	0.8196772801781433	0.5733186283955903	0.7555808353962288	-0.9469670032586426	0.5016687957525678	-1.2084062818905099	-0.1065077215219060	0.4833667234195694	0.7785296436692499
6505280	1	0.0039062500000000	0.0519388187918527	0.1578071285774033	0.9999935710802644	0.2043286106569360	0.8899556444445419	0.1254684758025540	-0.0348336779869394	-0.8207304817636552	2.9879326044592571	-2.1340410528675142	2.2341188501347209	1.0941458270078819
6505280	1	0.0039062500000000	0.9977989993047895	0.0540575776500896	0.8705398649305757	0.0723287994378846	0.0041616088730104	0.9230691273338484	0.0950221223711961	-0.9143709202502162	0.3695636407673333	0.8171217176790656	1.2753422545498385	1.3636597365757717
6505280	1	0.0039062500000000	0.5938921792404224	0.1803722657171880	0.1631314992732981	0.3916902306450951	0.9130266774040771	0.8196951527240198	0.3327653093608722	-0.1793231208728865	0.9863689671404705	0.1172605518485161	0.9962310123725795	1.2353602948704809
6505280	1	0.0039062500000000	0.3590953687015433	0.5524850224854820	0.5794299941414176	0.4525758458546250	0.6873874346201250	0.0996400635222160	-0.4620194969089756	-1.4007159752217639	-0.3454883717784121	-0.8624334113842255	1.3449289754041804	1.1307578208794116
6505280	1	0.0039062500000000	0.5308079880340062	0.7572938323753392	0.3042951497734968	0.9922284614258579	0.5769711125534824	0.8776137781690870	-1.5643722697066171	-1.2355687349521780	-1.5604940699143939	-1.1892293318834415	0.4370933757921949	0.9205732042076836
6505280	1	0.0039062500000000	0.7478092963564253	0.6289099313453351	0.0354209067464904	0.7478028669710285	0.8332385420022712	0.9253765511910322	-0.1841785807130962	-0.8673849951297833	-0.2679291803330977	-0.3465301106947595	1.0133595255392955	1.3126359259282778
6505280	1	0.0039062500000000	0.8732713427735824	0.8310375408413995	0.9794341293067830	0.7438112072384968	0.9033663402792841	0.9835957381797935	0.9311986971119486	0.0755138071947887	-0.2637798271574541	0.1261875642578337	1.3156855790665190	1.2647258346279306
6505280	1	0.0039062500000000	0.6668803345723452	0.4972585190540452	0.1639680034313202	0.8300118338456433	0.8889487501648016	0.0769946808353973	-0.7113881291790175	0.2052121754879387	0.3666650134351321	-0.2655774170666340	0.6099361611926394	1.0325196633220861
6505280	1	0.0039062500000000	0.6497069861040018	0.2480441184006837	0.6294797033208793	0.2291369797797580	0.7006199647209700	0.3168671374753430	0.3205893810738012	-1.1028114119705792	-1.0848045587825597	-0.7378468914086931	1.0719275262138352	1.2217101681761449
6505280	1	0.0039062500000000	0.3287770433019740	0.2314279522893149	0.0741609698506822	0.6330721935411320	0.2236564132495115	0.6511320824041646	-0.3985782565524677	0.1204458891779405	1.0801632138945143	0.0035615551764205	0.2151838154062497	0.9387122453992650
6505280	1	0.0039062500000000	0.5106859712445577	0.9714657096059368	0.2800420132838385	0.5461068779910481	0.7192685761113039	0.1132805548204484	-0.1288333454725778	-0.1335411635977542	0.0565251073748554	0.4557840641983139	0.5682915131729078	1.1074728293223834
6505280	1	0.0039062500000000	0.4714834291820803	0.5925399188848864	0.9443180961275092	0.4509175580232020	0.3363511256577220	0.8476844359411320	-0.0238585450028595	0.2656366586819408	0.9655786161458021	1.0368569687863645	0.6176492192896336	0.9613500817392334
6505280	1	0.0039062500000000	0.4345132957373342	0.0032314597644058	0.3449429549951772	0.5984812996343157	0.8332432940757104	0.2338917046943175	-0.8459404909635592	0.5269718708287103	0.4677149781354026	0.4155466237628619	0.8568774057365783	0.9828684500418258
6505280	1	0.0039062500000000	0.6754759804697130	0.4829502797140509	0.4819358230950012	0.3049556833249311	0.7120872599594701	0.1825557873503099	-0.3497737739547703	-0.5694952902090805	-1.0853160269213942	0.4779560425297876	1.0099891106087180	1.3782591263986377
6505280	1	0.0039062500000000	0.6218228212659354	0.0408643027957828	0.4139837396396248	0.6959837911166176	0.6739364963369149	0.6376401528891363	0.7701549935474514	0.6495954308401076	0.4081761551417904	0.6640697209255760	0.1568297404028071	0.9206408645883380
6505280	1	0.0039062500000000	0.3471158730551209	0.1846224675814726	0.6091058620294117	0.6271578863389594	0.7307293455725207	0.3283744381407157	0.2170083566796760	-0.7028965945873542	-0.7101858920131947	-0.7567919971439615	0.7839943132457092	1.1055472689720529
6505280	1	0.0039062500000000	0.7404384411594078	0.2022127742889397	0.9209143570256021	0.6847565368212557	0.6531303323121417	0.2572654822176627	0.4079499760711839	-0.9047766570133770	0.7099824494511603	0.7305794920471631	0.9509751457760085	1.3222814535845511
6505280	1	0.0039062500000000	0.5324409727623877	0.0876436280494759	0.2604969424477299	0.8773839277575649	0.6861249276837916	0.0937402360577789	-0.1726754908414070	0.4423014959488251	0.7579202068360191	-0.4964673233054618	1.0631295166288852	1.0689674923844903
6505280	1	0.0039062500000000	0.1112756319862211	0.3616009076878433	0.5766905157718297	0.5932114550812223	0.6665565910127743	0.2887777752656386	-0.7205121069135826	0.5002079700191019	-1.5751604709062459	0.3066450844853484	0.6093083482692511	0.9699576441794799
6505280	1	0.0039062500000000	0.7757672428971936	0.2883794118130484	0.3296420785270827	0.1897509820711571	0.9843632029296659	0.0035785743983363	1.6336854651126278	-1.5258310993160322	1.2458914634293361	-1.3717303437053483	0.8324994043423113	0.8434842526928955
6505280	1	0.0039062500000000	0.8273911354259547	0.3314790755191255	0.1882010419798089	0.4364969969897051	0.9586369618580849	0.9189303880179908	1.3285331014411845	-0.2300665591251021	0.4671121380783983	-0.2180336732731265	1.1645326983748010	0.9057320150227327
6505280	1	0.0039062500000000	0.7648714351304208	0.6990754030174927	0.1211431618412692	0.6857857916903616	0.3838319393730871	0.7742734946190721	-0.2280707113424264	-0.2585942931906925	0.6887135408677219	0.1170735551169924	0.4801382339552065	1.3423755523503549
6505280	1	0.0039062500000000	0.9430512743736856	0.9162729121354748	0.8619171226685480	0.2035482163557542	0.7936568394273784	0.5480420498866784	0.6050750595912127	-0.6460688436945600	-0.4622503872442602	-0.7792889675357982	0.3116146880131443	1.1661710155167155
6505280	1	0.0039062500000000	0.2972884524135331	0.9049324714135996	0.9096429575745216	0.8739789681853628	0.4981439264948219	0.5761995481216347	-0.3666893704028834	-0.5290035966003438	0.9679685664129196	-0.5567093270648230	0.9652331816360989	1.0131257945249004
6505280	1	0.0039062500000000	0.1627567434510015	0.2739111689263541	0.8645789604003443	0.4923988219780842	0.4636621509975112	0.8489421628643490	0.3688638480941371	0.0509405155625424	0.3038071831016124	-0.2582879808113035	0.3880084797943189	1.5566751797188823
6505280	1	0.0039062500000000	0.4959773963764205	0.2910532859578046	0.1804212383834744	0.6841784388218906	0.7275502834131710	0.1390581997758980	-1.4648262358333752	0.8142500362182359	1.0216859821309210	-0.6253592470918509	1.8047940443935007	0.9826514296461454
6505280	1	0.0039062500000000	0.6031088263742201	0.4924217180779305	0.8381336027933907	0.7242519882154893	0.1782075097682921	0.2219655421664778	-0.9730122779141567	0.8481177913972868	0.4588898078645715	-0.7953748047745697	0.7171086908860842	1.2221858546652393
6505280	1	0.0039062500000000	0.4985254823689002	0.1212587836763164	0.1382384538362913	0.3604426045717870	0.3248070000320706	0.9318952937293310	-1.0951693864443925	-0.1862747771528719	0.6279874457154206	0.3198547478907127	0.8734339291642019	1.1859015546421592
6505280	1	0.0039062500000000	0.9084846544584654	0.6220954524456036	0.8368277646772693	0.8181276115673257	0.4960744201653052	0.3349716907064298	0.5206018842251193	-0.0982160141514897	-0.1362633689189452	-0.0266160625116378	0.4321303053003100	0.9880594686886069
6505280	1	0.0039062500000000	0.3943271596889604	0.6588311636163067	0.6088828596327840	0.2589061196236434	0.1512299851287296	0.0725450106302952	-0.3425619138157297	-1.3271261223764328	0.0692620719328221	0.4966747912159160	1.3624661082835590	1.4910022916125849
6505280	1	0.0039062500000000	0.1078482820223310	0.6472073819708114	0.3635982965880997	0.2882695204058054	0.3313858203270407	0.0911485795356094	-0.1133199068235662	-0.8342196559524357	-0.7224994873034687	0.1696975755554772	0.2320930191954492	0.6973169555412222
6505280	1	0.0039062500000000	0.4273277206473647	0.9344946467012608	0.5835702980792011	0.2654613229750941	0.6587466344510888	0.7617778078474933	-0.4487310963300007	1.6202624713616227	-0.8348660906498244	-0.0856804708058672	1.5757825214587386	1.1715776822087873
6505280	1	0.0039062500000000	0.4874268651415719	0.1572721168199890	0.8830365915238096	0.6256653194435245	0.5177147213917760	0.2078435910902189	-0.7871336071931918	0.2129846303634317	-0.0864508350884633	0.2912934974413043	0.7975616866169687	1.3964261910215869
6505280	1	0.0039062500000000	0.5575606127071943	0.4261993758502413	0.8299390435358226	0.3943883769188022	0.2443269869519058	0.3260134632354665	-1.4598862503984955	0.6970503336811211	0.4042608323042285	-0.3561865142029605	0.6411610612473508	1.2128552176340479
6505280	1	0.0039062500000000	0.7293600680908934	0.6386541466408662	0.9848446273174345	0.3382429272580160	0.8975602662645096	0.1360746119805028	-0.5736141037073154	-0.5839948494970250	-0.6083447350240401	0.4211904658840512	0.6259301087136142	1.2856784275412738
6505280	1	0.0039062500000000	0.4107879378883112	0.0054085482868406	0.7832819939513141	0.7743862349420721	0.2936780686926460	0.1146678138126935	-0.3917677371309559	-0.0715904499039936	-0.2011325819123662	-0.0026975414355745	0.7530365087296628	1.2215322176524324
6505280	1	0.0039062500000000	0.8655348144776815	0.7210057893400107	0.0491624600482930	0.4491051120912214	0.9864671127807662	0.7079090949650431	1.8290188766249846	-0.6390125898250575	0.0201159586113345	-0.4594771933053779	1.4695672263201820	1.2348319131221004
6505280	1	0.0039062500000000	0.2108829194730534	0.4738939774566768	0.8651812117850320	0.0939195105312017	0.0995592964345400	0.3828959327111467	0.7066796996188953	0.1909516784591892	0.3696679020329903	-0.2564347616933463	0.4744943489907920	1.4897304424870548
6505280	1	0.0039062500000000	0.3017631016214206	0.6571199091417342	0.8090953085613881	0.1317021446915819	0.0515082860605364	0.0534222955132938	0.4015434112513775	0.4165684747166667	0.6537221291876544	-0.7465157211713097	0.6922938847037300	1.2869201771840644
6505280	1	0.0039062500000000	0.4577156083927097	0.7808683541514297	0.6920764421541600	0.4425602352444828	0.1191112809437845	0.5896367084186696	0.0950392708314173	0.1468993413554215	1.2073778480823871	0.3669618365480025	0.8068494343541625	1.6783319530376744
6505280	1	0.0039062500000000	0.5786348472249856	0.5298992192977570	0.5950452567055101	0.3619168411762998	0.3042854537741679	0.8887233253981561	-0.9291331918723822	-0.6896403397591258	0.3819606191426291	0.0895043470624545	0.9944033973118188	1.4249125922974886
6505280	1	0.0039062500000000	0.4765846549889933	0.1698202677861882	0.6097291147381668	0.5257471155029475	0.6189253803430709	0.5961962270532717	-0.0329899158131621	-0.8001450777780358	-0.9208398857343657	-1.1121815195900107	1.0240018913332189	1.0947440942614068
6505280	1	0.0039062500000000	0.2336562100023293	0.8298082998161243	0.0700902040442872	0.0988374213217001	0.9237278108129873	0.1696495009444884	-0.1211502149389796	-0.4495841875790407	0.7326586307983955	-0.9245821636118067	1.0282636696524234	0.7140054396848399
6505280	1	0.0039062500000000	0.4817333540328468	0.2254909119687467	0.8267694100862226	0.2908286625942349	0.3571930571259899	0.8782776961467591	-0.8477161453154871	0.7791176087717898	-0.2927571228719532	-0.1463293621557275	1.1461733234472409	1.2959885234385859
6505280	1	0.0039062500000000	0.3442509581075287	0.8149086655186996	0.6591460498325276	0.0363273997960274	0.2574689002975211	0.7782573312419734	-1.3422022377449050	1.0387274520752692	0.1481256266068442	0.7802701401703169	1.4352164501877429	1.4259613692568380
6505280	1	0.0039062500000000	0.6259641082146969	0.8361037475225067	0.3081565500740691	0.2210093644545457	0.1980205882331452	0.6124420038482370	-0.1205697569433766	-0.1489346493144619	-0.2061219717112366	0.2632283799013065	0.5817987260565693	1.0684611758794869
6505280	1	0.0039062500000000	0.1097326898527018	0.6746052436877997	0.7822622716344252	0.7194618045908687	0.2003523587250860	0.4011876515118348	-1.3984092258721432	1.7143374945360603	-0.0861795573102224	-1.5945090927568750	0.6866613746811806	1.0277436062509504
6505280	1	0.0039062500000000	0.3156580311784791	0.4340085687274153	0.2309959513279591	0.3857482352227663	0.5328459900491154	0.1547237616752851	-0.2332287022223099	0.3676466943505407	0.5023498450852020	0.4957637106867780	0.4575193567513791	0.6622242525584574
6505280	1	0.0039062500000000	0.5553977361672547	0.0145793436163009	0.3802146736440317	0.3821671462534774	0.3054080062105358	0.7374077307700215	0.3725638868063053	0.6156780232854376	0.7498889340736676	0.2218670969819264	0.1389204566864956	1.0106041565326704
6505280	1	0.0039062500000000	0.2604448419345752	0.6496589643180645	0.5523163958230598	0.9195908922327640	0.6859863645797531	0.8097852961205809	-2.0860861020676591	-0.9747849663017865	-1.5374713475339779	-2.0145320545651395	0.7096464989553040	1.0990840787105585
6505280	1	0.0039062500000000	0.6978482230090761	0.3119504723287888	0.6458890436430876	0.0060047726174839	0.5329598372489959	0.8439096318762329	0.8416389683052542	-1.1474861896933921	-1.6344979074016563	-1.0353546779792802	1.0683945513670052	1.3774768034349145
6505280	1	0.0039062500000000	0.6184467764657209	0.6426925271016977	0.5185148750983714	0.4007090476344847	0.3621543312269050	0.7188672338234574	-0.2669460736978531	-0.4778886937297240	-1.0643343084994883	0.1456246695721882	0.5439414951889420	1.6250966077956690
6505280	1	0.0039062500000000	0.8018966996119808	0.6778123624053841	0.1528758020852114	0.0328926504742786	0.0635605971624891	0.6857217921343268	0.9481977473933331	-0.6866551351661477	0.9591819726171209	-0.3178590131987071	1.6682558841409483	1.2348952992215079
6505280	1	0.0039062500000000	0.1876164121495636	0.6189583337954051	0.7003011362162890	0.5678310857935953	0.0011254795832212	0.0057091419611634	-0.6657625316979737	1.0519702361397982	-0.4983680910921587	-1.2643999146457139	0.6867011470100024	1.1434407042295704
6505280	1	0.0039062500000000	0.3052388165636169	0.2615703215177964	0.6553681067448892	0.8575552123866766	0.1811612132848991	0.3413544708589811	0.4058984068028795	0.0900923552679896	-0.3802436225317343	-0.5173934391844026	0.4875666469421107	1.2258445888644409
6505280	1	0.0039062500000000	0.6673405085072576	0.8790094362939752	0.6533049431877700	0.3132295516846839	0.8850142089114591	0.1862647799711045	0.8926625570222370	0.7521945536857234	0.2268352674002634	0.1184412152572769	1.2204255476436465	1.3169718122208878
6505280	1	0.0039062500000000	0.1571391830952555	0.5034609849115186	0.8289573070728021	0.6756540586592882	0.9041700330116647	0.1911116378340459	-0.8151906715378262	0.3001584235591318	0.0813282116757623	-0.6006415521359290	0.9298483750285558	1.4330715548406456
6505280	1	0.0039062500000000	0.3945212920170842	0.7060667321579842	0.8689240002394300	0.5473970945679569	0.7389593826322627	0.9324845978675804	0.1328149610803936	-0.0203635576342434	1.3897488967624034	1.0562927803177122	0.8472486187779715	1.1281074974569902
6505280	1	0.0039062500000000	0.2331188862366224	0.9265757947818264	0.5514429311973242	0.9334200224529113	0.4944068801097604	0.5525684107805455	-0.2663632377391305	0.2647231039020401	-0.2746151668839674	-0.2525377821272868	0.8483219875019673	0.9832965627192413
6505280	1	0.0039062500000000	0.9391291648797361	0.7996456966733773	0.8141387322983419	0.5944972711589640	0.6572009090600539	0.9952999460489024	0.7905899991833838	-0.5382298010582497	-0.7774127764071382	-0.3915881896009311	0.8317071002336313	1.0153177053911866
6505280	1	0.0039062500000000	0.9358517420179452	0.3245414171016502	0.8743093818772162	0.5891566847400538	0.6377709687863341	0.7593235907886753	0.0977188902898668	1.0355964986356516	0.1463920945863505	0.3445461008938506	1.2117065600511354	1.2583832071500312
6505280	1	0.0039062500000000	0.7754214651768195	0.7949101518815896	0.2627845752345326	0.6043787717839604	0.4705642100752165	0.1669546077805360	-0.0241563837868303	0.3081952774229813	0.6292500655443659	-0.3204396645605271	0.1376889676779047	1.1426842893616234
6505280	1	0.0039062500000000	0.7954904100836676	0.8650855025579620	0.8730213399385202	0.6644144098574363	0.4124825966602576	0.6119807221051216	-0.3870298871783767	0.1480390740620164	-0.5662629163291276	0.0964961480969088	0.8037461464570911	1.2105396467243643
6505280	1	0.0039062500000000	0.5968990072593554	0.6456014828968800	0.5385565164212867	0.1483419379910184	0.5790215053497914	0.0329633965310470	-0.3027966827619648	-0.7032592043479021	-0.5847606220039610	0.8974874529870760	0.8773597364600614	1.6687458375576920
6505280	1	0.0039062500000000	0.7009103487715639	0.5181506697638661	0.8326090932044243	0.5150490810699058	0.1126479404571689	0.4898100017988170	-0.0203195495195077	1.2346107339445607	0.2586573835163935	-0.4698721338767222	0.5774131582464911	1.2541997184284368
6505280	1	0.0039062500000000	0.5103490266531469	0.0484996820094528	0.8143514189004671	0.3846584080647018	0.6376563667495067	0.4521223872211400	-0.1051020895431925	-0.6080232910438611	-0.2469185167216919	-0.0489261163533757	0.8265010720784827	1.3175633974985412
6505280	1	0.0039062500000000	0.1439819983877158	0.4130778314606649	0.2470325391027297	0.4067665740879097	0.0174566032446253	0.7175967491779461	-0.2663474838653488	0.4656057034007183	0.6545542114979200	-0.1272409520843638	0.8440215361831367	0.6220707170759155
6505280	1	0.0039062500000000	0.5737211818684457	0.8129470133282929	0.5826822512702468	0.4467425218069658	0.4773614227200679	0.9951648479305044	0.4363629555664151	1.2412822221203625	-0.5303241803336340	-0.4283967301256322	1.1938311218251259	1.6500018857999734
6505280	1	0.0039062500000000	0.0587232434464261	0.0742604299794233	0.6407663308273844	0.5972797603333740	0.2226023679704416	0.2197878357115145	-0.5576456676116663	-0.4865273848336979	-0.8034552244978286	0.8924019968023925	0.4686892270689555	1.0572637255754105
6505280	1	0.0039062500000000	0.6302431568644210	0.9235127172076668	0.7379385054753806	0.4628522496031841	0.4385617978119113	0.8505864459325496	0.3607805372379462	0.2437274327256900	0.4393616145323350	-0.0393590272065618	0.6033929264980106	1.2629796586626429
6505280	1	0.0039062500000000	0.9526622518676623	0.9489108244650581	0.8990861279420025	0.7670136703024683	0.3335692320640987	0.5367424942258477	0.5508661410554755	-0.5242541961492130	0.1851056200295561	-0.1005305807483685	0.3002533220815443	1.1971026087750001
6505280	1	0.0039062500000000	0.2191360575236082	0.4775512309174758	0.9498203261521739	0.4661685966263379	0.8843178050053855	0.9672769293967992	0.5728403114614314	0.3228488021731308	1.5246832072352359	1.6216255316796861	1.0148959779447571	1.2474573711665751
6505280	1	0.0039062500000000	0.1837653453386227	0.4580389864081699	0.7802239422594308	0.7664475970745308	0.9047815082151357	0.2575853645138375	0.0972013693090779	-0.0299782686229395	-0.8038675753709261	-0.3172545229400132	0.6247712501364736	1.4290979529779868
6505280	1	0.0039062500000000	0.7616124445393739	0.9635047521272231	0.3318457944932607	0.4023787749010971	0.5607845119949358	0.5544481629293636	0.6298987744332901	1.3181571107506023	0.2922539906112412	0.4579853529743870	0.3599077568608290	0.8832971642864186
6505280	1	0.0039062500000000	0.6221666106126116	0.1910276683936956	0.4779608796713691	0.3601051156223310	0.6538799179968796	0.9165226774832805	0.5233594848510597	-0.6488829208604499	-0.6672563944175359	-0.6910628964743440	1.0483101449080476	0.9142005689247515
6505280	1	0.0039062500000000	0.2106915610892193	0.6065421693988806	0.8654335014826774	0.1097776885655605	0.3735558397013489	0.1990027330811148	-0.0284717856454799	1.2252116382030449	1.0163266544127165	-0.5735736927980768	0.7999642426617370	1.2668288378990884
6505280	1	0.0039062500000000	0.6465201832570695	0.5926918972249571	0.6765539639985906	0.5963405089435821	0.0588604933856337	0.5608717685383148	0.2870333533161463	0.1805999899383769	1.4598381059449335	0.3087935993441059	1.4543231075693730	1.3632149053959854
6505280	1	0.0039062500000000	0.5636174378747202	0.2426258387242564	0.0189107549464846	0.3438413796684898	0.0090734353331260	0.9236922631616202	-0.4906090106691966	0.7928545433075325	0.0797496001264563	0.4663925762772148	1.0582764976279533	1.4162418583278402
6505280	1	0.0039062500000000	0.6014267441823272	0.7706858803381612	0.8871970148231820	0.9332725391412492	0.1730646547735970	0.4479815263524565	-0.5052897239193094	0.2237055937595812	0.4991513798168064	0.0550257015007229	0.7586482935880736	1.0705164883960272
6505280	1	0.0039062500000000	0.4877207016049515	0.7952312658518699	0.6390091947461521	0.9656815812763206	0.1553363810085395	0.2928891127430318	0.1013613301741211	0.6041998088776916	0.3179144468026759	-0.1307039683041769	0.4510542161797027	1.7822678704216759
6505280	1	0.0039062500000000	0.8822042582939399	0.3660279425634201	0.8994312821419124	0.7476377593109560	0.4758056311289806	0.2729871213776000	0.7926732557232852	0.9941335968655745	0.6421393499815672	-0.0042495490117399	0.6958393990349468	1.2164150556960895
6505280	1	0.0039062500000000	0.9466404923920708	0.1223258139203888	0.8656790186025570	0.6231944563906614	0.7186663228639710	0.9245395119881907	-0.8029297826637775	-0.3200244078707956	0.2053366556502041	0.7106266984395503	0.8659763217902836	1.4403221569421047
6505280	1	0.0039062500000000	0.1840662244633149	0.2822837602730299	0.1671653507124471	0.2029769794097994	0.6261251399415196	0.1762387860455731	-0.0204976100916921	-0.1143692828308897	1.3526106386115040	-0.8226389600731412	0.7965345159659759	0.7498187023855556
6505280	1	0.0039062500000000	0.1266692425714197	0.2275518841238468	0.9469246663837343	0.0138662569289404	0.1608244227994347	0.1199893211573313	0.6081083220145671	0.1716431747975924	2.0494768822499609	-1.5393401088440746	1.8150250069330993	1.3613773828996945
6505280	1	0.0039062500000000	0.4618477837470583	0.6485451244043862	0.9152205870092011	0.1008569780275491	0.6142267052150456	0.0705569675520793	0.2870037457573814	0.0941977940921058	1.4426967597811320	-0.6694897876606503	0.9968419386213699	1.0065226768355786
6505280	1	0.0039062500000000	0.3937460907705809	0.4964309630433242	0.4365849101154995	0.2931773729124932	0.2440687218886189	0.9123905417101413	-0.5928632504565871	-0.5620315410705101	-1.3783397596850555	-0.2072716353294534	1.0515768434927719	0.8754390021590016
6505280	1	0.0039062500000000	0.5661644942900932	0.1907092138150284	0.0347163551648689	0.4318435128926502	0.8139036702056898	0.7533826784945012	-0.1368151725928232	0.0383067593737479	0.1534922158840231	0.7615200246777807	0.6596266569682953	1.4598625625204651
6505280	1	0.0039062500000000	0.3563830244151796	0.9979698951346659	0.0356664383018699	0.5235483751276268	0.2009468740788041	0.6617915787090508	-0.7482109502427299	-0.6577378680727194	0.8342764121754545	-0.0127307741190964	0.6736625530222861	0.9529909445474004
6505280	1	0.0039062500000000	0.6997871616388611	0.3276161166502238	0.8893434628328977	0.6467118275569341	0.3414823740448255	0.0501678851666711	-0.1355046394758650	0.2289042246182074	0.9278967846782075	-0.1747268586907832	0.8424647896129346	1.5036971937531689
6505280	1	0.0039062500000000	0.7667011487142654	0.8033301577918838	0.6987130095710573	0.6819217352578052	0.9041871358194329	0.3129397143204416	0.9491442666756004	-0.2197601236362422	0.2751154274559862	0.8470878055023682	0.9149837041186317	1.1403461205404664
6505280	1	0.0039062500000000	0.7524787032755458	0.2979332265900137	0.8093706773637658	0.1890636129253840	0.5911105995025070	0.0534393987867233	0.5995621360044651	-0.6039058970154705	0.1434954297084263	0.0151710425311476	0.7224424492732148	1.5606679510960382
6505280	1	0.0039062500000000	0.1014541541698641	0.1572750933269388	0.2441486126017517	0.1361705098003943	0.5891186062195891	0.0580522828074416	-0.1878371772155676	-0.0963057143070152	0.1135507316175768	-0.0095776265349358	0.5185152834437713	0.6514681829980146
6505280	1	0.0039062500000000	0.8895531882948955	0.9455016311004300	0.0560221774764462	0.9252196265967654	0.4690500057623955	0.2569690515552503	0.5059999885812035	1.2404130431684972	0.8310327400909887	-0.0133823564114500	0.8222597622394547	1.0632377176012444
6505280	1	0.0039062500000000	0.5870112048401549	0.1688371669355953	0.5845851686711354	0.4763546672073913	0.8155489949581907	0.9260675427159609	0.2041980133300610	-1.1676523182230956	-1.5641408202900469	-1.6601087374267851	1.0387741894357443	1.0486828156772607
6505280	1	0.0039062500000000	0.5265225523740624	0.5822501432067948	0.7293977000421834	0.2252355614794584	0.2641718784646000	0.6335848353959549	-0.1272795851438866	-0.7194319518085297	0.9388835422042392	0.1977685388200580	0.5104633175331625	1.2487890097685812
6505280	1	0.0039062500000000	0.5381752757999000	0.0166505812744846	0.9315180619859686	0.3475459526980044	0.2057141941998686	0.5226286610228142	0.2375966233633378	-1.3919466767818078	0.4393310197618289	0.7101631812130137	0.5464829451153563	1.2112486093390282
6505280	1	0.0039062500000000	0.4009853514847277	0.3071683488353940	0.6799037548154144	0.6451339645521408	0.4433388586357883	0.2690223605693422	-0.3096926486265759	0.5677066333137509	0.4792974446415574	-1.0848679296662547	0.4552940977749368	1.1516776300884233
6505280	1	0.0039062500000000	0.7031862473595824	0.3328920464650225	0.2145239912041109	0.7592084248360286	0.2581116725961267	0.6835739974321676	0.2968381458386241	0.0541346495431285	0.3256220898453630	0.1559867175538930	0.4391963782528500	1.0804270691072109
6505280	1	0.0039062500000000	0.0161774759256176	0.8451228779019428	0.8524111643677630	0.6007626445967530	0.3214775446436729	0.6679601588602924	0.8353936273134809	-0.6766745734121863	-0.2450178677412735	-0.0476534827627402	0.3701874079578698	0.9898884150971997
6505280	1	0.0039062500000000	0.5268301868470526	0.8480000974833966	0.2502103020670872	0.2562278864235747	0.0732356584971937	0.5143821805316872	-0.4083972367605004	-1.0233455850549580	-0.7731605394478001	1.3144362670130154	0.8750468563394652	0.9651835138984268
6505280	1	0.0039062500000000	0.8898127222851909	0.6114109347627549	0.5310327618061718	0.8213307838054983	0.9589568874607594	0.7367469560060403	1.3002128054891686	0.1656703105637605	-0.3558381856867060	1.6495343269749161	1.2844392721856250	1.0897694271652465
6505280	1	0.0039062500000000	0.3439594448283126	0.3599422389454870	0.0439153043757730	0.0238631991780657	0.0050762030319666	0.4872541630115612	0.4114677718267709	0.4517448683696470	1.0101582183418991	-0.2867086164554234	1.2040931327966309	0.9388438982635673
6505280	1	0.0039062500000000	0.2928855597474079	0.7082624503915489	0.8201462094765838	0.5074095514171801	0.4674708747619162	0.0782578820727104	-0.3325878541076039	0.6164698442741249	0.9416651061606207	-0.7429811817070990	0.4537427867773941	1.2234329307424039
6505280	1	0.0039062500000000	0.1909835483836865	0.4836483506875338	0.9233807599746533	0.0433947122857881	0.0844109952842868	0.2448583041526649	0.1129614591733789	0.5991005528727313	1.5174868835369593	-0.5956667934875896	1.2062508103067386	1.3481201348841638
6505280	1	0.0039062500000000	0.7113548716117418	0.6112411821313394	0.0928584011704002	0.9615651736788290	0.8674690690205754	0.1660940601332551	-1.6571687083969453	-1.2920719005706673	0.7917662094068625	-1.0557465319221100	0.6454996303945391	1.2076437306400007
6505280	1	0.0039062500000000	0.4759473537448549	0.7572817908401051	0.7775049948960100	0.0069801150853653	0.5786125741799421	0.7364618818911081	0.5899388795774668	-0.1181079195285837	1.6972486082727209	0.4575170919378985	1.4579587653867478	1.3642440989455908
6505280	1	0.0039062500000000	0.7437270710914056	0.9225720190082547	0.0964041203709338	0.7876423759328399	0.9464352181863204	0.1014803234029004	-0.7379858847545261	1.0418320245126096	0.5046306238510564	1.0476190951981181	0.9069202262067813	1.0719138161549886
6505280	1	0.0039062500000000	0.2748965384787398	0.2393207779337283	0.8097427737944493	0.0950427479553235	0.7467303293509084	0.2772136480907042	1.3504833392641193	-0.2236538775730269	0.2171819127528943	-0.9671588396480942	0.4258862019850567	1.3316659121923127
6505280	1	0.0039062500000000	0.1733006300280339	0.9377138777345949	0.7608619992438993	0.0966813895370259	0.9811085900203831	0.8452729945281861	-0.2034103268437226	-0.7923082963261581	-0.3348324422236809	-0.6668262048255403	1.5105886185210260	1.0317474592261380
6505280	1	0.0039062500000000	0.3415396936896908	0.6924634611664635	0.4565141761938641	0.4343980953257522	0.6540286343796312	0.3239832447487783	-0.5125671802644968	-0.4509452539191596	-1.7303741859036408	0.3032879183667200	1.0592393818862098	1.0823931806727478
6505280	1	0.0039062500000000	0.6004921554590074	0.1299759876588248	0.0812650351232221	0.3779971498893561	0.1369561027441901	0.6598776097688254	0.8600136917379283	-0.8932390334661597	0.3769476426957290	0.7688466918023928	0.6027097508129379	1.3173197212181382
6505280	1	0.0039062500000000	0.1144590313148028	0.8806831743012570	0.5824496283114188	0.2108631521513980	0.6683255497684356	0.5288848464977391	-0.4607648154010571	-0.4786951675020164	0.1666759053906273	0.1630184786396534	0.6521816910680849	0.9069237847081814
6505280	1	0.0039062500000000	0.3123434755542984	0.9432220882471753	0.7682056244314674	0.1220862493487477	0.0382648357368376	0.5149359533167146	-0.5978401232360093	0.2896146816259252	-0.0724781765048604	0.1907074270682697	0.6312285939350536	1.1504281685018019
6505280	1	0.0039062500000000	0.3992998974394518	0.2115654657648716	0.4526498305856482	0.1601618962176898	0.3082468553018974	0.4337584201403700	-0.2206507069425587	0.1191532564120938	-1.1300496106540610	-0.1883500523825936	1.0156361569666708	0.8484151051892218
6505280	1	0.0039062500000000	0.0054348902802146	0.6497865494572495	0.1262218813068335	0.4619490669397400	0.0841846443173404	0.7802505156864648	1.4035751566233838	-0.7403149289749439	0.5039478445586544	-0.1759405333050372	1.7767149610126771	0.7540855813611009
6505280	1	0.0039062500000000	0.7859323116885183	0.6846767997763478	0.9102265038109508	0.8671973472774016	0.0626739492000425	0.0471826060894796	0.0480614245743922	-0.2040792589765612	-0.9965479687759382	1.4318698960489979	1.2068169026769320	1.2196483271079934
6505280	1	0.0039062500000000	0.5270749565805658	0.1771329805148453	0.9278657803907365	0.1095245844263232	0.3879961326662433	0.5961913296935109	-0.5558856017712460	0.2198403690095587	-0.1163592300654953	0.9892873948660135	0.6700343963212090	1.4580967553854738
6505280	1	0.0039062500000000	0.6384094309240623	0.7003396086862029	0.5394134179406862	0.4066150548898685	0.8224258580349506	0.5776782536775238	0.5495084313622303	0.1350834248777707	-0.4400784494111873	0.4629493684387627	1.0202144106515416	1.6943466599234114
6505280	1	0.0039062500000000	0.9215510082065831	0.2217257550087412	0.7892437199080566	0.3742008383265700	0.3818876516920923	0.0974905747442928	-0.2033054214565473	0.4273208519327592	-0.8654370881287871	1.6161272712334129	0.9570237989461521	1.3440290184427282
6505280	1	0.0039062500000000	0.8079592589326013	0.3873225419723068	0.7472771242015422	0.9341811402394349	0.8492716089120468	0.8314617685188826	1.2658761099408806	0.2343640242486311	-0.6803450193081243	1.0633476918520741	1.4069602746546130	1.4051537439252042
6505280	1	0.0039062500000000	0.7144316554602383	0.6352039206005651	0.5161385678295691	0.6246581588055278	0.5024012674123055	0.5788125170296117	0.8056992083858903	0.1397438906143836	-0.3577206964787836	0.8880033710675572	0.6385634279728083	1.5360377984565861
6505280	1	0.0039062500000000	0.6718407653606686	0.0294762235272099	0.7559454980101182	0.5997065452857440	0.1390008079535332	0.1439416302107003	0.4189210502526510	-0.0728755172326833	-0.3234753509829570	0.1256426923311154	0.3245464436446381	1.2142575802674915
6505280	1	0.0039062500000000	0.1958978749792547	0.7774102393432568	0.8442812388969032	0.7353112929199409	0.1840252937674640	0.6667070964661925	-0.8340134391019762	0.6606446773099228	0.6476943044558663	-0.5125726931228755	1.4369095047839640	1.0000605986512416
6505280	1	0.0039062500000000	0.3129895461318035	0.1055763019740471	0.8884328519405950	0.1022332655741988	0.4797771403006171	0.2703205031670260	0.0933491939536951	-0.1762258090195481	0.4386166607986801	-0.2497670497316163	0.2918290670522936	1.2157269856467119
6505280	1	0.0039062500000000	0.1997238407841529	0.2877363987675572	0.6576430451393328	0.9470009649856952	0.2219175385413307	0.5069146540513796	-0.1266677914091855	0.2617341623991590	-0.9003548548477392	-0.4855993051957578	0.7782784590300023	1.2988178048513990
6505280	1	0.0039062500000000	0.7784627335045778	0.9363491944672303	0.1421185741862834	0.2946013008684857	0.5610073528070968	0.6445198415985889	-0.0490906668519225	1.5220551795607433	0.4045243718417944	0.9789505280946067	0.8534173943100082	1.0273205166990391
6505280	1	0.0039062500000000	0.8734138183637586	0.2328481177021042	0.6739960651257988	0.6293593159082156	0.8325546634535094	0.8129968730793320	0.3279914031150888	-0.4232597997330702	-1.9827101748230491	0.2891919789794707	0.9029516336417417	1.0618884416122945
6505280	1	0.0039062500000000	0.7733009461189159	0.0284525379671029	0.5904071119569275	0.6175821850158191	0.7637638308870438	0.7744324061900528	0.4680580398212630	0.5846740006298955	-1.0961405317613466	0.0794169246702475	0.8283578905478804	0.9251025840145772
6505280	1	0.0039062500000000	0.2842892810163504	0.0767533765531859	0.8800087081640999	0.1727221324912841	0.1789866425930460	0.3597858479990558	0.1702416816492216	-0.4145017943915927	0.3671697449077480	-0.1503681416910530	0.2642191223306211	1.2111784205421738
6505280	1	0.0039062500000000	0.4430426356583101	0.3787104833771989	0.6475222472322743	0.1006856807976429	0.3257114478972328	0.8694397857736050	0.1080041445800640	0.9210936694488033	-0.2348270468478127	-1.1642802071899425	0.4687434230250647	1.1036178072931586
6505280	1	0.0039062500000000	0.6076003348490225	0.1041741809361494	0.8057889797751741	0.7497189090353059	0.3987754822702964	0.3667963325822709	0.4394974930451253	-0.5117152502008351	-0.3810500074814780	0.3107437644946598	0.9674918049912768	1.3441817412578994
6505280	1	0.0039062500000000	0.3942387501682335	0.2721893001683938	0.5996444502843751	0.0682348148283711	0.9015486160766094	0.4321991132722232	0.2059806661069126	0.1424253693715943	-0.7411965030099705	-0.9821470995123694	0.8735646143501355	1.1081675437886229
6505280	1	0.0039062500000000	0.8812316879077031	0.6748495617298640	0.4606516512393261	0.4716387998646306	0.2924317462800218	0.2244154816607085	1.4285940458850581	0.1691562675221493	-0.3484719828596978	0.4458841009244018	0.8372097423986338	1.0316924408241004
6505280	1	0.0039062500000000	0.2460712055890221	0.5767210277620335	0.3011688586795557	0.1260799132874608	0.7494431602533176	0.4801555012726018	-0.2725097563783551	-0.3983424287052093	-0.8237653721969115	0.3835203581250140	0.6834534880140546	0.6428569649585583
6505280	1	0.0039062500000000	0.4858657612865165	0.1924857959116277	0.8588659846498007	0.1333880080531295	0.2931714767092706	0.1845774320813722	-0.8404849209384408	0.5971059818550787	-0.1427508548056319	0.5557110577877369	0.8985230432757829	1.3568141913332346
6505280	1	0.0039062500000000	0.0028277938267346	0.9007718115582931	0.2887516134831829	0.8086167736019086	0.6504907201279377	0.6875270957534794	0.6433424166038983	0.6190408452096446	-0.2321972886567789	0.1809026192097390	1.1191814474946076	0.7967219168979202
6505280	1	0.0039062500000000	0.1754131057185182	0.0447294698305100	0.9597163959218731	0.7750575564685546	0.1129642846588810	0.8612650115328212	0.1229587768870568	-0.9901141921165216	1.5113062233226298	0.6604066274563316	0.7697876860459392	1.0519050746549889
6505280	1	0.0039062500000000	0.2072566692751165	0.9941959725665841	0.5361145727970239	0.6679083209801039	0.4658347719655534	0.8285463195427071	0.2518169603875032	-0.0979991325966245	-0.3398965153661713	-0.1186454270280522	0.4944382928864439	0.9583456945700054
6505280	1	0.0039062500000000	0.8923238026408123	0.7119059775545755	0.4052673468390793	0.1934926608547068	0.8379858908420363	0.1547105066267357	1.2416761891018622	-0.1515744854185648	-0.1650434792460468	-0.6831745824439230	0.6201464773813490	0.9732922232564698
6505280	1	0.0039062500000000	0.6736481621273086	0.3238516521285529	0.3471963025383634	0.5325141463114480	0.4572396601816824	0.6403677792476340	0.1082784393610538	-0.6860469806679371	0.2153291538672359	-0.0505758933707724	0.9905086362386069	0.9915316547907675
6505280	1	0.0039062500000000	0.7170915788584815	0.4600674540084170	0.5411395903402658	0.0058431918760031	0.2686842276103256	0.1916303100025422	0.3137548602068986	-0.6072869916066209	-0.4802829337153713	0.5493624241353958	0.7548541569312258	1.4645354699016691
6505280	1	0.0039062500000000	0.6933702876294825	0.4440973333288437	0.2363597798330522	0.6530866830856943	0.2191548893317370	0.3493240644919333	-0.1756699594684884	0.5329445788516928	0.1165347953405665	-0.3298492753958994	0.5450076836954657	1.0393650569064954
6505280	1	0.0039062500000000	0.5143516941528542	0.4264115590725148	0.3435200370585174	0.0504662664842169	0.0943198795869573	0.8093548090240708	-1.1677103899863281	0.1933181132063656	-0.5879885911926245	0.8839316755539134	1.1376842527096569	0.8710893454367605
6505280	1	0.0039062500000000	0.8790125860269240	0.9866436822277698	0.5212607865786463	0.2842799324003421	0.1801363430824766	0.3592466769550213	-0.0821379817381549	0.7364497187557969	-0.3780583108800110	0.1484142868101277	0.5180164698437583	0.8387216251497344
6505280	1	0.0039062500000000	0.4389904394927390	0.8537845052097852	0.6830983290835742	0.7861867420311024	0.3862986515212332	0.1403379892652566	-0.3298234749941206	1.3439966760635367	0.5677978174450711	-0.3759614591913798	0.5181673576560732	1.5346683391437959
6505280	1	0.0039062500000000	0.4265545212787364	0.1033902299140534	0.6004054432736735	0.9676941116190022	0.1092334217900566	0.8690896708839990	-0.4320557093578035	-0.0961978596253343	-1.1354667147704738	-1.0643757432476402	1.2162313936306535	1.0375957248095624
6505280	1	0.0039062500000000	0.1593244216215445	0.8026037094195391	0.3131870042128428	0.3956842014545967	0.4556903920395721	0.5323418935445798	0.0676310577995678	-0.2350759512009576	-0.8127177907662182	-0.2685149480762162	0.3653638458932802	0.7379798710905189
6505280	1	0.0039062500000000	0.7450082664121912	0.9700420861924263	0.9587534526170945	0.0885283030050473	0.0205083522109819	0.0530733317383906	-0.5248224501026890	0.4813721661447618	0.3921876385775768	0.2508770753117204	1.4189310447326593	1.1073556430038360
6505280	1	0.0039062500000000	0.8978831120291181	0.8995209387035672	0.0397170139661604	0.4191438981421031	0.1838008706382480	0.2198533570486369	0.9229899282278714	0.8355542045348694	0.4949977275703628	-0.7738412037472846	0.5607505372419754	1.1464959263081600
6505280	1	0.0039062500000000	0.7783905755627857	0.6227913101309870	0.0736378617927608	0.4614889041806985	0.4089780521620894	0.4599365133139940	0.5968910126018547	-1.0964194742561846	0.2399689686363343	-0.1310339439790807	0.6940780132012087	1.2742051844419853
6505280	1	0.0039062500000000	0.6018268934459551	0.8355325734408259	0.5633267432280475	0.2022323367196286	0.8032266845941668	0.6725601650181041	0.5555904446830304	1.5047211040167561	-0.7582285671722024	0.1642169340120872	1.4312891538478021	1.4972043255953484
6505280	1	0.0039062500000000	0.0713220071379663	0.9625511062157113	0.4751638739719818	0.3845090113508091	0.3582353076703080	0.9308542660115540	-0.2603425117835153	-0.0808119753253393	-0.4299238959337097	0.1339171573293312	0.3162530567841449	0.8780599527576018
6505280	1	0.0039062500000000	0.9168509053610502	0.1032435736168379	0.9008963517383189	0.8756043575124836	0.1917718766218852	0.9214047044149621	-0.8528600989067647	-0.2772097238847556	0.9665708627778490	0.8568801326209550	0.3212042080212162	1.3249208321116033
6505280	1	0.0039062500000000	0.9286776897165355	0.0896549881853419	0.8209256426528682	0.9683947036826959	0.5087988867931063	0.0047265128254548	-1.0065112845915793	-0.5458297247888491	-0.4263691163927883	1.0023283457434298	1.4490060655853023	1.3723413251730496
6505280	1	0.0039062500000000	0.1882480602656715	0.2871894618902306	0.6275178234221032	0.2618859220584323	0.7486783660709292	0.0364958751185312	-0.1607466561798222	0.2651815175458554	-1.0403238474946415	0.4754152110338009	0.6104243068657498	1.2263152541319318
6505280	1	0.0039062500000000	0.7218224358380877	0.3505052595168842	0.8720284485593570	0.2851491786004739	0.5527375962365129	0.6752551326878625	0.1016931202677048	0.3485337506172660	0.8034334645203364	0.4591109615692543	0.6575395733079240	1.5241518766787681
6505280	1	0.0039062500000000	0.9577093440842392	0.6240596033744792	0.6378062389035738	0.4328732175905599	0.0085686147252883	0.9960415465738818	0.5684745104381119	0.7576669798566433	-0.0827483733775947	-0.6012944489927493	0.9727293928374386	0.9798280865362855
6505280	1	0.0039062500000000	0.3637274836021138	0.9254195200863385	0.0992851197250584	0.2646238348747715	0.8010238771331608	0.2910569963469435	-0.7269393925864228	-0.9012634076062669	0.1795944923264406	-0.4347631173775046	0.8791235676403205	0.8286876335837369
6505280	1	0.0039062500000000	0.1860285388240724	0.7297015663840349	0.3807119845322855	0.0069541810112792	0.6980962696010695	0.8895108713253917	-0.4171635879675764	-0.4308655354519890	-0.9560043711289964	-0.6005485502492549	0.9389502683235127	0.7878717492563845
6505280	1	0.0039062500000000	0.0116806943023953	0.8863443298667411	0.1767003327499611	0.6391985177244984	0.1482302519251733	0.9253786992865516	1.3096760315359381	0.5056810117201297	0.1514120438555314	-0.1572773857434096	1.4850227848872599	0.8074074781697688
6505280	1	0.0039062500000000	0.6756943928430297	0.8700526877632609	0.2758839583377745	0.5477228409367254	0.1552018658980736	0.8286215545742873	0.0081677294649700	0.3787160553258157	0.0558579599618846	0.2610790263946980	0.4906526630310760	1.0647652402321632
6505280	1	0.0039062500000000	0.2229779731589267	0.1129112095166516	0.4526811574831052	0.8607842120625006	0.5457844275728727	0.4612497722083935	0.2168529529999681	0.1089251978322797	-1.1344862306158938	0.2885641111960479	0.1621611976974076	0.8484731625762033
6505280	1	0.0039062500000000	0.8568257581707210	0.9095119111749864	0.3866692918290707	0.9561108778957794	0.1741357455840966	0.1876931689622315	0.2745730607514251	1.0611976753886088	0.1760662177305489	-0.1911249905135011	1.2183307748634788	0.8909908168231577
6505280	1	0.0039062500000000	0.2471678737770616	0.3601642848738303	0.9173947353462664	0.6278798587750084	0.3671184658851095	0.6154910049473359	1.4227223763199381	-0.1599723585972189	0.8970168916049154	0.4449979704052100	0.4319720077841595	1.3217444747295102
6505280	1	0.0039062500000000	0.5173907296347389	0.3787991601875048	0.5018353343484157	0.6940910628503613	0.0179976774463419	0.6500655862735890	-0.9937177985798010	-0.1708386642888262	-1.0092854324206828	-0.9313182056596357	1.4408246292496414	1.0630283092981054
6505280	1	0.0039062500000000	0.6194697616712515	0.6936920702893715	0.5201182735711887	0.8953537200090260	0.2414149107604357	0.6753201399349236	0.0381587320626497	0.0275835165726122	-1.1575536542571956	0.0955632644976488	0.7678474502486842	1.6625882549906921
6505280	1	0.0039062500000000	0.7239752741176519	0.4643928843850237	0.7882313494515751	0.1766564311350959	0.3251770959818629	0.3340157765587865	0.3515196809074357	1.4724147671408838	0.3786473851726054	-0.7317353656637160	1.1202076639013605	1.4104723675994248
6505280	1	0.0039062500000000	0.6379062038091506	0.1820028541525839	0.2435276872681117	0.0245754951725600	0.1381137315827020	0.4176634333178696	0.8897514729140203	-0.2870762100539696	1.1760480324044507	-0.6588303938089747	0.6017267203957498	1.0237086422449848
6505280	1	0.0039062500000000	0.2122686641347914	0.3852816058254249	0.7778277181916999	0.1296633994810578	0.0131614641347721	0.1449461836111481	0.9545705735963899	0.1655938263654523	-0.5547783902864082	-0.4776315679532594	1.1790064588122060	1.4389938386146703
6505280	1	0.0039062500000000	0.7451544044283938	0.5305521937695109	0.5237453442643142	0.2469897383111481	0.2246432561542109	0.5417430217106561	0.6734880113669535	-0.2017419484688056	-0.4072413892655894	0.5598569578135150	0.3621197916136146	1.4862535291914467
6505280	1	0.0039062500000000	0.8970553250503984	0.8441130178254624	0.2354350920000277	0.4171735981559258	0.7394667373688271	0.4768500027604634	0.9656827983217607	0.5469408444971509	0.5086887628802851	-0.1676535526882476	0.5527216714607518	1.0065197918621465
6505280	1	0.0039062500000000	0.0924937376251881	0.4634420110208178	0.9412428871454871	0.8807250875424245	0.6400984426215749	0.2664199831273500	-2.1118726505815579	0.5858561626854745	1.7927355770823943	-1.4710115436718456	1.2011844834280969	1.1422183990295243
6505280	1	0.0039062500000000	0.2147408636355497	0.2780046459650642	0.4484228372799339	0.4582685513693227	0.3025801411376242	0.5865365688626359	-0.0961624362380212	0.5324933898137146	-1.5786399087726408	-0.5436755150379623	0.9452663719719965	0.7880589502787284
6505280	1	0.0039062500000000	0.8759319846871924	0.5148488057380769	0.9718181746880609	0.6537597024132310	0.6445122052191348	0.9849796388228329	1.2716781516517932	-0.0166937230518139	0.1865442912061184	0.2826173504979989	1.3162346123911299	1.0027150276497887
6505280	1	0.0039062500000000	0.7987058860243791	0.3896666091818672	0.5155318325923438	0.3224512298230320	0.6366563474930154	0.7401750887465547	1.4924853178420292	-1.5346768928189645	-1.0236909146393147	-0.1238704558735155	0.8728485623664788	1.1018810910657568
6505280	1	0.0039062500000000	0.8641942519993494	0.5337116720777525	0.5842881065720171	0.0996293435337159	0.9508852706993396	0.3237548434751829	1.2671134966789137	0.0126902656687958	0.1236169894766852	0.2569213165724697	1.2119416431734289	1.2070666717755227
6505280	1	0.0039062500000000	0.5764793462941793	0.0433790078588664	0.7871968549616620	0.5177222334396663	0.9241040954012909	0.4272952971175757	0.2721339952934272	-0.5345301845878361	-0.2250132469625023	-0.3677639649018676	0.9296747791849094	1.2940718052937192
6505280	1	0.0039062500000000	0.7841422165670163	0.1388449590368406	0.7052999430826399	0.2325650533812889	0.5971135104061633	0.0078800837546029	0.6789408005805120	-0.4640755563018297	-1.0841899312550389	1.4077740567298245	0.9132150000953784	1.1205680852572626
6505280	1	0.0039062500000000	0.8191016222439248	0.4730454946276944	0.5227288894926798	0.7909197969319857	0.1268051965752641	0.1672410942461533	1.5648944014151902	-0.4818528252719823	-0.6393622055191654	2.4043706731577168	0.1614957213127812	1.2313649286276942
6505280	1	0.0039062500000000	0.7758994352891573	0.9255110825996432	0.5569077034280205	0.2914312674158399	0.2479623124226752	0.1935640509210360	0.8174629395818314	0.9859415375526105	-0.4345114194422192	-0.3137554073055960	1.0815015392243017	1.0029602837731524
6505280	1	0.0039062500000000	0.0316063561623946	0.1121565639563634	0.7272757229987884	0.6158944627344117	0.2117859074900793	0.6781609932324667	-0.3860416533567234	-0.5547824263540377	-1.5770513786330773	0.6461425161484792	0.7843822944811613	1.2511054362698193
6505280	1	0.0039062500000000	0.9396493062095946	0.7882652537842585	0.7215400015569944	0.7268461607055954	0.3059874867582635	0.6456440964926240	0.5578074472714121	-0.1074286273716822	-0.5659888896039178	0.3618865036153777	0.3552142223169610	0.9324625431776434
6505280	1	0.0039062500000000	0.1541414573575098	0.0901297028596186	0.7844890555294646	0.8594414004401497	0.3226947562409075	0.3816025654699665	0.5390887812335237	-1.1737770611783722	-0.6446258376329866	0.4600977416468505	0.1702421165634987	1.3060402324348577
6505280	1	0.0039062500000000	0.8673214846604138	0.1417963784848323	0.8546480600976609	0.3900503736874323	0.9327161754168179	0.9814532566729249	-0.7510879870977845	-0.7327329110787013	-0.2984751386650735	1.1207576131657786	1.0039176946922077	1.3465560851447629
6505280	1	0.0039062500000000	0.5572914683992469	0.7086156102403139	0.9069643392725681	0.1141991713616062	0.0000468776561538	0.1549266512295821	-0.1840643957185425	0.3509930931354818	0.8098293559728811	-0.0500993911867738	0.4664021624648144	1.0378786454991664
6505280	1	0.0039062500000000	0.3077632222826421	0.0316532338185484	0.2670832151859455	0.0350389452814306	0.6475476965529601	0.4788691226760247	-1.0084526912490335	0.3438971268128100	-0.2189138143971159	1.1730425899797279	0.6016338637709301	0.7682772628550294
6505280	1	0.0039062500000000	0.7131999385138973	0.5871970022968934	0.2671343759946220	0.4347399396052304	0.3140431630024887	0.5731218632185467	-0.4461706599842256	-0.2397047905186832	0.0956849368218301	-0.2383394583125429	0.5861331463428758	1.0422936629768798
6505280	1	0.0039062500000000	0.0803840360978544	0.4681846203599985	0.6632515660781654	0.8648730916273190	0.3276260208001481	0.9859463227847342	-1.5886944449625502	0.2296665546827347	-2.6209793317557861	-2.0295809169258132	0.4887496746489696	1.0790985127414834
6505280	1	0.0039062500000000	0.2464756570972854	0.1949475049949007	0.1277427008039051	0.1011237167292851	0.5849978786823330	0.0604588757550618	0.0545053853544868	-0.5542901439948563	1.7680208136829716	-1.1012778890275694	1.4951148812248030	0.8084284265212103
6505280	1	0.0039062500000000	0.0825769734022100	0.1422893466159186	0.7690744859953758	0.9895413126747782	0.2564885184431861	0.7691213636515296	-0.0691855225943476	-0.6278876118823138	-1.2039020545982810	0.3584182488655585	0.9845947309828227	1.4242336059033285
6505280	1	0.0039062500000000	0.1444679634386990	0.5642517407258282	0.8007745974700780	0.4115511786246445	0.5992906860072588	0.4483222935573767	-0.9098575786798891	0.6796058115102737	-0.2088042449096468	-1.0089994216882030	0.2915249760614801	1.2878846984421704
6505280	1	0.0039062500000000	0.8904203013006692	0.3124906245211561	0.0355192958542701	0.1575546768296299	0.7472305641263866	0.3495624588567589	0.6025872902479223	0.0904639263459038	1.0926757624784211	-0.7584951077246607	1.0461030425750926	1.0326579660235626
6505280	1	0.0039062500000000	0.7306765400481767	0.8276146002242409	0.8177470792167574	0.3939281061263420	0.6924876918515599	0.1453730995512442	-0.2333321618309074	-0.2008204000657444	-0.1484946648303989	0.4500587559320453	0.5841695483242009	1.1607825949839250
6505280	1	0.0039062500000000	0.3798744284454149	0.9389633489488454	0.3403206045461449	0.5076171292493200	0.0400870652124691	0.9253184836941392	-0.9913275257692602	0.0956293225615424	-0.0586568668091489	0.0675315810740133	1.0609635050403350	0.9325882391998935
6505280	1	0.0039062500000000	0.5680760050043817	0.1226640386146791	0.0676078298443965	0.3371504905340962	0.1122053508237961	0.3240963482875825	0.2493450697562119	-0.9031892769262435	0.3076526826022897	0.5585492154073942	0.8209041075047494	1.3536932863122411
6505280	1	0.0039062500000000	0.1062718541856258	0.2566733142624951	0.8883480894790721	0.9070464516557039	0.6682244928871396	0.4876387750206696	-0.4395755968451121	0.2723534343754889	0.6964730383980953	-0.6088583877883135	0.6986499678808312	1.5212428108563372
6505280	1	0.0039062500000000	0.3553687452130805	0.5586447937221475	0.8001293995418257	0.3908880410673507	0.7161994710174386	0.5473599636682123	1.0864446204787501	-0.6968662707871095	-0.0283732388303019	-0.4278590059364828	0.7872879598969650	1.2031281610427438
6505280	1	0.0039062500000000	0.7404504999241095	0.4468760105999541	0.3749745634267920	0.5581975786752056	0.8408041167262961	0.0674622548126906	0.7375617809101495	-0.3873233428062945	-0.7872883141514375	0.2337421852654624	0.8725396383373430	1.0760643200373154
6505280	1	0.0039062500000000	0.7035706786921111	0.2206785447060496	0.0064256032958746	0.0438912827725947	0.7282956739553695	0.0465126689740050	1.1490579580148248	-0.5983044915685204	0.5978227493938790	-0.2150719735275566	0.8547497129816957	1.2844964528771017
6505280	1	0.0039062500000000	0.9692097664667338	0.2963716784940901	0.1691767075886841	0.0368175963111304	0.6335221694938477	0.2813820588781415	1.0027869888178813	-0.3057753651478853	1.2604318753026609	-1.2155525116973382	0.5138317074434683	0.7504246129965297
6505280	1	0.0039062500000000	0.3609139445987130	0.7397940236794734	0.5380553731406366	0.2492620336121237	0.6468404748695160	0.2062798660277761	-0.8419337930729235	0.1640596914171748	-1.3090052224795046	0.7090981460382503	1.1597313887264271	1.3953272399030219
6505280	1	0.0039062500000000	0.7369008090984546	0.0022092196169352	0.7649246597499236	0.5370302081746190	0.3930972606842859	0.4811241303017010	0.2534377560070333	0.0136449947214192	-0.2931983613490647	0.1931649150328966	0.2919488681295335	1.1749634838679162
6505280	1	0.0039062500000000	0.0843901713771700	0.1335477601427342	0.9280001413673163	0.4593647352696232	0.6917453392836010	0.7688042576279511	0.0594913667877560	-0.8609938743313497	1.5054084018562586	-0.0984084431506199	1.2804966199508103	1.3470738233344073
6505280	1	0.0039062500000000	0.5268269900823138	0.3953160175100509	0.9894828027996621	0.5332525938438496	0.4392073002826457	0.7177784762893703	-1.0316150785498914	0.9693283440568321	0.2993788251282745	0.6201614354677469	1.0689850946675534	1.0865277669967393
6505280	1	0.0039062500000000	0.5797652628178547	0.4084170667493796	0.0141501547834604	0.7489419704065388	0.4452346630605099	0.6476723242773080	-0.9039734502777816	1.0091253150919108	0.3508123918823725	0.3684735380112374	1.2272741389861406	1.1214841312353481
6505280	1	0.0039062500000000	0.0303240288190190	0.8061486076592228	0.3874663474911201	0.5683794024253168	0.0554106412713465	0.0343068218949748	0.3958487987514699	-0.3178257467221020	-0.1361871421969519	-0.1030534850463491	0.7393524045122800	0.8235233506700127
6505280	1	0.0039062500000000	0.7746592684530929	0.7923114503698011	0.0365160419775713	0.5395839277373552	0.3293416580787588	0.4296133026618573	-0.6078043638158218	0.8164059483899123	-0.1874664148481629	0.1916054818140142	0.9656159792424749	1.3592103937591564
6505280	1	0.0039062500000000	0.0207080580390562	0.4137318299215901	0.5631610632702527	0.9487081994063725	0.8730965651912133	0.2549064020881925	-0.1059477382265138	-0.2741795946578766	-1.3805574356274639	0.8579455025412863	0.9663116305149700	0.8891677943246982
6505280	1	0.0039062500000000	0.7175124565686622	0.3999235548078658	0.6502224195982433	0.7069952589026630	0.9331761486517154	0.0894297194152277	0.3552345181637479	-0.2198995102766269	-0.4164624745788427	0.1956394650991301	0.9738669335612966	1.5120575914358234
6505280	1	0.0039062500000000	0.4247737351920333	0.5129414110039088	0.4978467861646073	0.4389238899754937	0.2618833814104476	0.9430814492251172	-0.6941821788105139	-0.8255589104675320	-1.1064895740373701	-0.6461158805998684	1.0390511415887520	1.0392160883859403
6505280	1	0.0039062500000000	0.0865962137871404	0.2922074102294666	0.7492300568843401	0.4740625612782606	0.8605868126547834	0.8046406981556866	-1.0590862002390609	0.3471506169595356	-1.0632097816035970	0.1555049260792642	0.8680024851127088	1.3794085538041747
6505280	1	0.0039062500000000	0.5083693831732354	0.6352460806422150	0.5969521480598264	0.5448854251508067	0.1748300083795702	0.9262938061385853	-0.4692194635430791	-1.3449320496486412	0.2320073068633834	0.5694628212186534	0.7235789921851498	1.5780376040806339
6505280	1	0.0039062500000000	0.9744987282783253	0.1955380664186264	0.3400256355945140	0.5376597910829167	0.1442462653593376	0.2131222003200660	-0.2662215215715181	0.1486807294399228	-0.2105922534315298	0.7697108348509000	0.5731694732570169	0.6388649823172265
6505280	1	0.0039062500000000	0.7925661931711092	0.8617587219279998	0.6130457555935931	0.4427886123036913	0.5687539808306629	0.5462219037796473	1.1992269042328936	0.4388702402493229	-0.0845328342491921	0.2563199233219065	0.1372660581655832	1.0765654122924124
6505280	1	0.0039062500000000	0.5322183317189190	0.9935277160226962	0.0591633147835561	0.0300651178835263	0.4324516055325286	0.3210466961940037	-0.0097460224739839	-1.4746429618794197	-0.0034228220945823	0.1342659283784525	0.6686399242819930	1.0683831037452352
6505280	1	0.0039062500000000	0.9731465671086436	0.5190478193196690	0.6132541064234702	0.7223766235273222	0.9931103805979297	0.4738409190782537	0.5360702293551728	-0.1237834476211513	-0.4932101712278256	0.3513202782968285	0.9435181420066899	1.0126755415057203
6505280	1	0.0039062500000000	0.5270173212173476	0.5014797633055038	0.1090869992548074	0.1239694688115127	0.0463651884563105	0.2839170076343775	-1.1163261748627631	0.8066701985718383	0.7208484512269808	0.5569738663747958	1.5173401958991324	0.8594233278918978
6505280	1	0.0039062500000000	0.0502632749500979	0.0208639162689745	0.4794550740530040	0.3902889105446120	0.5585237073518912	0.6237013394123415	-0.5789342064776560	0.2283021431944427	-0.6232452178479631	0.6145127255125432	0.4206029073387035	0.8652395976947106
6505280	1	0.0039062500000000	0.6034111113303393	0.3510899000573391	0.4854600613403414	0.2164568664582711	0.7938785123610304	0.0542140417053430	-0.5736810252794410	-0.8170407391486755	-0.8854609715524711	0.0107755957696403	0.5786536731901940	1.1210446847123883
6505280	1	0.0039062500000000	0.7626787702379184	0.3260968436142881	0.0477417572623779	0.8218420850214745	0.3561619614978144	0.4801933627949065	0.4446235817062443	0.1617013552935700	0.5288026164542768	0.5734707799272200	0.7020657294569294	1.1726545884630941
6505280	1	0.0039062500000000	0.1428887807498168	0.3293085286064579	0.9992411821145756	0.7561428876389483	0.0516851516681189	0.9923515622468440	-0.3460432010635869	0.3693188190911683	1.6049887722041878	0.3536886665392910	1.1939211028566856	1.1849920318327449
6505280	1	0.0039062500000000	0.2299838062515407	0.5787024733511277	0.4938313250866864	0.3390708055063480	0.7026719421626404	0.5401965135429969	-0.8753805898357155	-0.8514135818172222	-1.1582471738779760	-0.5720097281009210	0.9722957567620714	0.8833199011613622
6505280	1	0.0039062500000000	0.6229878136063869	0.7529352171127383	0.5610604298119715	0.1024428871937296	0.1432241276573502	0.1195841366982014	0.7744074913693041	0.6051175899682554	-0.1763529066960730	-0.0768582445343243	1.0753267659532462	1.6959913657606440
6505280	1	0.0039062500000000	0.7261442270717324	0.7466352389876895	0.4706740367555404	0.2116042879464125	0.9630921054459606	0.2645525486509095	1.0304391459463980	0.7821529039383260	-0.6875291909912852	0.6601491000822067	1.3729498639998314	1.3100439081093083
6505280	1	0.0039062500000000	0.2658183296517554	0.7257708752182177	0.5906493927308588	0.3135600869141333	0.5476129602396921	0.9468113542286732	-1.5979509621976915	0.0729243515359996	-0.4701047642556965	-0.3570881504674592	1.9144822794585483	1.1993484206184379
6505280	1	0.0039062500000000	0.7937534497090398	0.6905017409895089	0.2761198823694698	0.7929946313579542	0.4466446281627960	0.3278050345032499	0.4495925483957503	-0.5724510183581770	0.4494344438506014	-0.3983101659446180	0.2254350798321359	1.1053221688497035
6505280	1	0.0039062500000000	0.7853461931391369	0.6766284344143366	0.9065075078543776	0.2791775177601620	0.0156992399206847	0.6091794495513567	0.3207481327444621	-0.3757667500477107	-1.3373748336503719	0.4821560662114442	1.0751674137737723	1.2075594570433863
6505280	1	0.0039062500000000	0.8193740317688203	0.6386870535270717	0.3621146666640950	0.3804344611151305	0.7411299407208012	0.5053387943214452	1.1344931822660178	-0.5013414111633199	-0.6424928639539061	-0.5994490737445098	0.4551203878875896	1.0599453571746975
6505280	1	0.0039062500000000	0.5000185982789931	0.4672741673268723	0.2519740328434734	0.9706926350345335	0.6788784552732848	0.2150661378237727	-1.2252136422692894	0.6990903922350180	0.0063829675899581	0.0762343347578628	1.0949359388899680	0.7957854439733728
