+1.171875000000000e-02 +4.183263458847490e-01 -1.748251864331004e-02 -6.872680610890782e-01 -1.533502701748815e+00 +2.053656108237711e-02 +8.398021401291259e-01 
+3.515625000000000e-02 +4.175161473404398e-01 -5.142781462569594e-02 -6.850586955404350e-01 -1.532540613158231e+00 +6.153784210382394e-02 +8.382220343272865e-01 
+5.859375000000000e-02 +4.159262893794220e-01 -8.401345553576962e-02 -6.807403262498026e-01 -1.530619771527413e+00 +1.023273474101501e-01 +8.350709073434800e-01 
+8.203125000000000e-02 +4.135886389174530e-01 -1.152394413735311e-01 -6.744176785806465e-01 -1.527746719485802e+00 +1.427713668949951e-01 +8.303665062178539e-01 
+1.054687500000000e-01 +4.105350628702902e-01 -1.451057721389803e-01 -6.661954778964320e-01 -1.523931060168602e+00 +1.827424475062758e-01 +8.241347587217548e-01 
+1.289062500000000e-01 +4.067974281536907e-01 -1.736124478321174e-01 -6.561784495606244e-01 -1.519185310567069e+00 +2.221193932461861e-01 +8.164092914176418e-01 
+1.523437500000000e-01 +4.024076016834121e-01 -2.007594684529422e-01 -6.444713189366891e-01 -1.513524754878807e+00 +2.607872651711975e-01 +8.072309477189997e-01 
+1.757812500000000e-01 +3.973974503752115e-01 -2.265468340014547e-01 -6.311788113880913e-01 -1.506967297858049e+00 +2.986373813920583e-01 +7.966473059502528e-01 
+1.992187500000000e-01 +3.917988411448464e-01 -2.509745444776550e-01 -6.164056522782964e-01 -1.499533318165957e+00 +3.355673170737943e-01 +7.847121974066775e-01 
+2.226562500000000e-01 +3.856436409080739e-01 -2.740425998815432e-01 -6.002565669707697e-01 -1.491245521720905e+00 +3.714809044357085e-01 +7.714852244143159e-01 
+2.460937500000000e-01 +3.789637165806514e-01 -2.957510002131191e-01 -5.828362808289765e-01 -1.482128795048773e+00 +4.062882327513810e-01 +7.570312783898893e-01 
+2.695312500000000e-01 +3.717909350783364e-01 -3.160997454723827e-01 -5.642495192163822e-01 -1.472210058633238e+00 +4.399056483486695e-01 +7.414200579007112e-01 
+2.929687500000000e-01 +3.641571633168860e-01 -3.350888356593342e-01 -5.446010074964521e-01 -1.461518120266060e+00 +4.722557546097084e-01 +7.247255867246012e-01 
+3.164062500000000e-01 +3.560942682120575e-01 -3.527182707739734e-01 -5.239954710326514e-01 -1.450083528397379e+00 +5.032674119709099e-01 +7.070257319097978e-01 
+3.398437500000000e-01 +3.476341166796084e-01 -3.689880508163004e-01 -5.025376351884456e-01 -1.437938425485999e+00 +5.328757379229626e-01 +6.884017218348715e-01 
+3.632812500000000e-01 +3.388085756352959e-01 -3.838981757863152e-01 -4.803322253273000e-01 -1.425116401349682e+00 +5.610221070108335e-01 +6.689376642686388e-01 
+3.867187500000000e-01 +3.296495119948773e-01 -3.974486456840178e-01 -4.574839668126799e-01 -1.411652346515440e+00 +5.876541508337659e-01 +6.487200644300751e-01 
+4.101562500000000e-01 +3.201887926741100e-01 -4.096394605094082e-01 -4.340975850080504e-01 -1.397582305569817e+00 +6.127257580452808e-01 +6.278373430482280e-01 
+4.335937500000000e-01 +3.104582845887512e-01 -4.204706202624862e-01 -4.102778052768772e-01 -1.382943330509192e+00 +6.361970743531761e-01 +6.063793544221310e-01 
+4.570312500000000e-01 +3.004898546545584e-01 -4.299421249432521e-01 -3.861293529826254e-01 -1.367773334090059e+00 +6.580345025195272e-01 +5.844369044807162e-01 
+4.804687500000000e-01 +2.903153697872888e-01 -4.380539745517059e-01 -3.617569534887604e-01 -1.352110943179322e+00 +6.782107023606868e-01 +5.621012688427283e-01 
+5.039062500000000e-01 +2.799666969026997e-01 -4.448061690878473e-01 -3.372653321587475e-01 -1.335995352104582e+00 +6.967045907472844e-01 +5.394637108766372e-01 
+5.273437500000000e-01 +2.694757029165484e-01 -4.501987085516765e-01 -3.127592143560519e-01 -1.319466176004434e+00 +7.135013416042272e-01 +5.166149997605523e-01 
+5.507812500000000e-01 +2.588742547445922e-01 -4.542315929431935e-01 -2.883433254441392e-01 -1.302563304178751e+00 +7.285923859106994e-01 +4.936449285421343e-01 
+5.742187500000000e-01 +2.481942193025886e-01 -4.569048222623983e-01 -2.641223907864744e-01 -1.285326753438976e+00 +7.419754117001627e-01 +4.706418321985104e-01 
+5.976562500000000e-01 +2.374674635062947e-01 -4.582183965092908e-01 -2.402011357465231e-01 -1.267796521458413e+00 +7.536543640603556e-01 +4.476921056961861e-01 
+6.210937500000000e-01 +2.267258542714680e-01 -4.581723156838712e-01 -2.166842856877503e-01 -1.250012440122519e+00 +7.636394451332941e-01 +4.248797220509593e-01 
+6.445312500000000e-01 +2.160012585138657e-01 -4.567665797861394e-01 -1.936765659736217e-01 -1.232014028879192e+00 +7.719471141152713e-01 +4.022857503878332e-01 
+6.679687500000000e-01 +2.053255431492452e-01 -4.540011888160952e-01 -1.712827019676025e-01 -1.213840348089060e+00 +7.786000872568577e-01 +3.799878740009301e-01 
+6.914062500000000e-01 +1.947305750933637e-01 -4.498761427737389e-01 -1.496074190331579e-01 -1.195529852375777e+00 +7.836273378629013e-01 +3.580599084134040e-01 
+7.148437500000000e-01 +1.842482212619786e-01 -4.443914416590702e-01 -1.287554425337534e-01 -1.177120243976306e+00 +7.870640962925265e-01 +3.365713194373551e-01 
+7.382812500000000e-01 +1.739103485708472e-01 -4.375470854720895e-01 -1.088314978328540e-01 -1.158648326091217e+00 +7.889518499591356e-01 +3.155867412337416e-01 
+7.617187500000000e-01 +1.637488239357268e-01 -4.293430742127964e-01 -8.994031029392546e-02 -1.140149856234970e+00 +7.893383433304080e-01 +2.951654943722942e-01 
+7.851562500000000e-01 +1.537955142723748e-01 -4.197794078811914e-01 -7.218660528043276e-02 -1.121659399586212e+00 +7.882775779283006e-01 +2.753611038914288e-01 
+8.085937500000000e-01 +1.440822864965485e-01 -4.088560864772738e-01 -5.567510815584148e-02 -1.103210182338063e+00 +7.858298123290466e-01 +2.562208173581605e-01 
+8.320312500000000e-01 +1.346410075240051e-01 -3.965731100010442e-01 -4.051054428361668e-02 -1.084833945048406e+00 +7.820615621631576e-01 +2.377851229280160e-01 
+8.554687500000000e-01 +1.255035442705019e-01 -3.829304784525023e-01 -2.679763902722378e-02 -1.066560795990183e+00 +7.770456001154217e-01 +2.200872674049472e-01 
+8.789062500000000e-01 +1.167017636517965e-01 -3.679281918316482e-01 -1.464111775012835e-02 -1.048419064501678e+00 +7.708609559249043e-01 +2.031527743012455e-01 
+9.023437500000000e-01 +1.082675325836459e-01 -3.515662501384818e-01 -4.145705815795431e-03 -1.030435154336812e+00 +7.635929163849486e-01 +1.869989618974535e-01 
+9.257812500000000e-01 +1.002315344018019e-01 -3.341196860034238e-01 +4.725277368024280e-03 -1.012633397138807e+00 +7.553329776058045e-01 +1.716344855761015e-01 
+9.492187500000000e-01 +9.260277324332453e-02 -3.169434692462220e-01 +1.261972609962892e-02 -9.950359268198271e-01 +7.461761134497579e-01 +1.570602906276952e-01 
+9.726562500000000e-01 +8.537126851246782e-02 -3.002204708464576e-01 +1.966187545082839e-02 -9.776626844690810e-01 +7.362136106570234e-01 +1.432732087712617e-01 
+9.960937500000000e-01 +7.852639790397936e-02 -2.839506908041306e-01 +2.588663387611112e-02 -9.605315354289072e-01 +7.255313772972950e-01 +1.302671818220643e-01 
+1.019531250000000e+00 +7.205753911260666e-02 -2.681341291192409e-01 +3.132890982996561e-02 -9.436583903668072e-01 +7.142103732524784e-01 +1.180334328518168e-01 
+1.042968750000000e+00 +6.595406983309741e-02 -2.527707857917887e-01 +3.602361176688020e-02 -9.270573166529638e-01 +7.023269917658492e-01 +1.065606268353774e-01 
+1.066406250000000e+00 +6.020536776019909e-02 -2.378606608217740e-01 +4.000564814134339e-02 -9.107406414967573e-01 +6.899533829492221e-01 +9.583503129744668e-02 
+1.089843750000000e+00 +5.480081058865930e-02 -2.234037542091966e-01 +4.330992740784361e-02 -8.947190480828563e-01 +6.771577291239240e-01 +8.584067695926073e-02 
+1.113281250000000e+00 +4.972977601322554e-02 -2.094000659540566e-01 +4.597135802086930e-02 -8.790016657385281e-01 +6.640044800204221e-01 +7.655951838528800e-02 
+1.136718750000000e+00 +4.498164172864541e-02 -1.958495960563541e-01 +4.802484843490891e-02 -8.635961549936426e-01 +6.505545543880692e-01 +6.797159462992525e-02 
+1.160156250000000e+00 +4.054578542966647e-02 -1.827523445160889e-01 +4.950530710445088e-02 -8.485087882556087e-01 +6.368655133875846e-01 +6.005518988419108e-02 
+1.183593750000000e+00 +3.641158481103627e-02 -1.701083113332612e-01 +5.044764248398363e-02 -8.337445267070851e-01 +6.229917101911200e-01 +5.278699412242503e-02 
+1.207031250000000e+00 +3.256841756750239e-02 -1.579174965078708e-01 +5.088676302799563e-02 -8.193070939398637e-01 +6.089844194491864e-01 +4.614226374897828e-02 
+1.230468750000000e+00 +2.900566139381236e-02 -1.461799000399179e-01 +5.085757719097531e-02 -8.051990467601120e-01 +5.948919496625295e-01 +4.009498224491460e-02 
+1.253906250000000e+00 +2.571269398471373e-02 -1.348955219294023e-01 +5.039499342741111e-02 -7.914218435350675e-01 +5.807597409908362e-01 +3.461802081470280e-02 
+1.277343750000000e+00 +2.267889303495412e-02 -1.240643621763242e-01 +4.953392019179147e-02 -7.779759103969732e-01 +5.666304506159993e-01 +2.968329903291025e-02 
+1.300781250000000e+00 +1.989363623928106e-02 -1.136864207806835e-01 +4.830926593860484e-02 -7.648607055744980e-01 +5.525440274373915e-01 +2.526194549090401e-02 
+1.324218750000000e+00 +1.734630129244210e-02 -1.037616977424802e-01 +4.675593912233964e-02 -7.520747820836455e-01 +5.385377775960482e-01 +2.132445844354067e-02 
+1.347656250000000e+00 +1.502626588918482e-02 -9.429019306171429e-02 +4.490884819748433e-02 -7.396158489778640e-01 +5.246464220924244e-01 +1.784086645586886e-02 
+1.371093750000000e+00 +1.292290772425677e-02 -8.527190673838582e-02 +4.280290161852735e-02 -7.274808313297534e-01 +5.109021475695356e-01 +1.478088904981384e-02 
+1.394531250000000e+00 +1.102560449240551e-02 -7.670683877249475e-02 +4.047300783995714e-02 -7.156659290936067e-01 +4.973346511725739e-01 +1.211409735088529e-02 
+1.417968750000000e+00 +9.323733888378604e-03 -6.859498916404107e-02 +3.795407531626212e-02 -7.041666749782600e-01 +4.839711802616751e-01 +9.810074734867648e-03 
+1.441406250000000e+00 +7.806673606923610e-03 -6.093635791302481e-02 +3.528101250193077e-02 -6.929779914429127e-01 +4.708365676418051e-01 +7.838577474509261e-03 
+1.464843750000000e+00 +6.463801342788088e-03 -5.373094501944597e-02 +3.248872785145151e-02 -6.820942469141387e-01 +4.579532628789186e-01 +6.169695386230417e-03 
+1.488281250000000e+00 +5.284494790719602e-03 -4.697875048330452e-02 +2.961212981931277e-02 -6.715093113099406e-01 +4.453413601914985e-01 +4.774012476810360e-03 
+1.511718750000000e+00 +4.258131645465704e-03 -4.067977430460042e-02 +2.668612686000298e-02 -6.612166109460528e-01 +4.330186233388997e-01 +3.622767590082294e-03 
+1.535156250000000e+00 +3.374089601773970e-03 -3.483401648333380e-02 +2.374562742801064e-02 -6.512091828905212e-01 +4.210005078704314e-01 +2.688015053635040e-03 
+1.558593750000000e+00 +2.621746354391953e-03 -2.944147701950457e-02 +2.082553997782414e-02 -6.414797288246151e-01 +4.093001810502934e-01 +1.942785325504838e-03 
+1.582031250000000e+00 +1.990479598067215e-03 -2.450215591311276e-02 +1.796077296393194e-02 -6.320206684612876e-01 +3.979285397317097e-01 +1.361245640871542e-03 
+1.605468750000000e+00 +1.469667027547314e-03 -2.001605316415835e-02 +1.518623484082248e-02 -6.228241925663914e-01 +3.868942264180251e-01 +9.188606587497626e-04 
+1.628906250000000e+00 +1.048686337579813e-03 -1.598316877264135e-02 +1.253683406298419e-02 -6.138823156226502e-01 +3.762036437179083e-01 +5.925531086941195e-04 
+1.652343750000000e+00 +7.169152229122718e-04 -1.240350273856175e-02 +1.004747908490553e-02 -6.051869281718788e-01 +3.658609673756159e-01 +3.608644374869144e-04 
+1.675781250000000e+00 +4.637313782922515e-04 -9.277055061919564e-03 +7.753078361074917e-03 -5.967298488669222e-01 +3.558681580345616e-01 +2.041154558363283e-04 
+1.699218750000000e+00 +2.785124984673129e-04 -6.603825742714784e-03 +5.688540345980811e-03 -5.885028762613754e-01 +3.462249718730587e-01 +1.045669850686225e-04 
+1.722656250000000e+00 +1.506362781850165e-04 -4.383814780947409e-03 +3.888773494111646e-03 -5.804978403620183e-01 +3.369289702340730e-01 +4.658050382939973e-05 
+1.746093750000000e+00 +6.948041219292345e-05 -2.617022176617442e-03 +2.388686259955865e-03 -5.727066539663066e-01 +3.279755283563449e-01 +1.677879478326615e-05 
+1.769531250000000e+00 +2.442259523859406e-05 -1.303447929724872e-03 +1.223187098001899e-03 -5.651213638047998e-01 +3.193578433013867e-01 +4.206591288447044e-06 
+1.792968750000000e+00 +4.840522069589872e-06 -4.430920402697216e-04 +4.271844627382089e-04 -5.577342015064112e-01 +3.110669411599662e-01 +4.912241181648870e-07 
+1.816406250000000e+00 +1.118874334711356e-07 -3.595450825197863e-05 +3.558680865322545e-05 -5.505376344024657e-01 +3.030916836119066e-01 +3.268135388126267e-09 
+1.839843750000000e+00 +0.000000000000000e+00 +0.000000000000000e+00 +0.000000000000000e+00 -5.435244161358811e-01 +2.954187909358504e-01 +0.000000000000000e+00 
+1.863281250000000e+00 +0.000000000000000e+00 +0.000000000000000e+00 +0.000000000000000e+00 -5.366876310272537e-01 +2.880336132976456e-01 +0.000000000000000e+00 
+1.886718750000000e+00 +0.000000000000000e+00 +0.000000000000000e+00 +0.000000000000000e+00 -5.300207039337475e-01 +2.809219465984251e-01 +0.000000000000000e+00 
+1.910156250000000e+00 +0.000000000000000e+00 +0.000000000000000e+00 +0.000000000000000e+00 -5.235173824130880e-01 +2.740704496886514e-01 +0.000000000000000e+00 
+1.933593750000000e+00 +0.000000000000000e+00 +0.000000000000000e+00 +0.000000000000000e+00 -5.171717171717172e-01 +2.674665850423426e-01 +0.000000000000000e+00 
+1.957031250000000e+00 +0.000000000000000e+00 +0.000000000000000e+00 +0.000000000000000e+00 -5.109780439121756e-01 +2.610985613603133e-01 +0.000000000000000e+00 
+1.980468750000000e+00 +0.000000000000000e+00 +0.000000000000000e+00 +0.000000000000000e+00 -5.049309664694280e-01 +2.549552808997506e-01 +0.000000000000000e+00 
+2.003906250000000e+00 +0.000000000000000e+00 +0.000000000000000e+00 +0.000000000000000e+00 -4.990253411306043e-01 +2.490262910905160e-01 +0.000000000000000e+00 
+2.027343750000000e+00 +0.000000000000000e+00 +0.000000000000000e+00 +0.000000000000000e+00 -4.932562620423892e-01 +2.433017400440301e-01 +0.000000000000000e+00 
+2.050781250000000e+00 +0.000000000000000e+00 +0.000000000000000e+00 +0.000000000000000e+00 -4.876190476190476e-01 +2.377723356009070e-01 +0.000000000000000e+00 
+2.074218750000000e+00 +0.000000000000000e+00 +0.000000000000000e+00 +0.000000000000000e+00 -4.821092278719397e-01 +2.324293075992779e-01 +0.000000000000000e+00 
+2.097656250000000e+00 +0.000000000000000e+00 +0.000000000000000e+00 +0.000000000000000e+00 -4.767225325884544e-01 +2.272643730775500e-01 +0.000000000000000e+00 
+2.121093750000000e+00 +0.000000000000000e+00 +0.000000000000000e+00 +0.000000000000000e+00 -4.714548802946593e-01 +2.222697041536515e-01 +0.000000000000000e+00 
+2.144531250000000e+00 +0.000000000000000e+00 +0.000000000000000e+00 +0.000000000000000e+00 -4.663023679417122e-01 +2.174378983480479e-01 +0.000000000000000e+00 
+2.167968750000000e+00 +0.000000000000000e+00 +0.000000000000000e+00 +0.000000000000000e+00 -4.612612612612613e-01 +2.127619511403295e-01 +0.000000000000000e+00 
+2.191406250000000e+00 +0.000000000000000e+00 +0.000000000000000e+00 +0.000000000000000e+00 -4.563279857397504e-01 +2.082352305692979e-01 +0.000000000000000e+00 
+2.214843750000000e+00 +0.000000000000000e+00 +0.000000000000000e+00 +0.000000000000000e+00 -4.514991181657848e-01 +2.038514537044813e-01 +0.000000000000000e+00 
+2.238281250000000e+00 +0.000000000000000e+00 +0.000000000000000e+00 +0.000000000000000e+00 -4.467713787085515e-01 +1.996046648331399e-01 +0.000000000000000e+00 
+2.261718750000000e+00 +0.000000000000000e+00 +0.000000000000000e+00 +0.000000000000000e+00 -4.421416234887737e-01 +1.954892152212886e-01 +0.000000000000000e+00 
+2.285156250000000e+00 +0.000000000000000e+00 +0.000000000000000e+00 +0.000000000000000e+00 -4.376068376068376e-01 +1.914997443202572e-01 +0.000000000000000e+00 
+2.308593750000000e+00 +0.000000000000000e+00 +0.000000000000000e+00 +0.000000000000000e+00 -4.331641285956007e-01 +1.876311623019861e-01 +0.000000000000000e+00 
+2.332031250000000e+00 +0.000000000000000e+00 +0.000000000000000e+00 +0.000000000000000e+00 -4.288107202680067e-01 +1.838786338167667e-01 +0.000000000000000e+00 
+2.355468750000000e+00 +0.000000000000000e+00 +0.000000000000000e+00 +0.000000000000000e+00 -4.245439469320066e-01 +1.802375628766065e-01 +0.000000000000000e+00 
+2.378906250000000e+00 +0.000000000000000e+00 +0.000000000000000e+00 +0.000000000000000e+00 -4.203612479474548e-01 +1.767035787759416e-01 +0.000000000000000e+00 
+2.402343750000000e+00 +0.000000000000000e+00 +0.000000000000000e+00 +0.000000000000000e+00 -4.162601626016260e-01 +1.732725229691321e-01 +0.000000000000000e+00 
+2.425781250000000e+00 +0.000000000000000e+00 +0.000000000000000e+00 +0.000000000000000e+00 -4.122383252818035e-01 +1.699404368311461e-01 +0.000000000000000e+00 
+2.449218750000000e+00 +0.000000000000000e+00 +0.000000000000000e+00 +0.000000000000000e+00 -4.082934609250399e-01 +1.667035502341471e-01 +0.000000000000000e+00 
+2.472656250000000e+00 +0.000000000000000e+00 +0.000000000000000e+00 +0.000000000000000e+00 -4.044233807266983e-01 +1.635582708784119e-01 +0.000000000000000e+00 
+2.496093750000000e+00 +0.000000000000000e+00 +0.000000000000000e+00 +0.000000000000000e+00 -4.006259780907668e-01 +1.605011743211836e-01 +0.000000000000000e+00 
+2.519531250000000e+00 +0.000000000000000e+00 +0.000000000000000e+00 +0.000000000000000e+00 -3.968992248062015e-01 +1.575289946517637e-01 +0.000000000000000e+00 
+2.542968750000000e+00 +0.000000000000000e+00 +0.000000000000000e+00 +0.000000000000000e+00 -3.932411674347158e-01 +1.546386157654182e-01 +0.000000000000000e+00 
+2.566406250000000e+00 +0.000000000000000e+00 +0.000000000000000e+00 +0.000000000000000e+00 -3.896499238964992e-01 +1.518270631925477e-01 +0.000000000000000e+00 
+2.589843750000000e+00 +0.000000000000000e+00 +0.000000000000000e+00 +0.000000000000000e+00 -3.861236802413273e-01 +1.490914964431068e-01 +0.000000000000000e+00 
+2.613281250000000e+00 +0.000000000000000e+00 +0.000000000000000e+00 +0.000000000000000e+00 -3.826606875934230e-01 +1.464292018294713e-01 +0.000000000000000e+00 
+2.636718750000000e+00 +0.000000000000000e+00 +0.000000000000000e+00 +0.000000000000000e+00 -3.792592592592592e-01 +1.438375857338820e-01 +0.000000000000000e+00 
+2.660156250000000e+00 +0.000000000000000e+00 +0.000000000000000e+00 +0.000000000000000e+00 -3.759177679882525e-01 +1.413141682892697e-01 +0.000000000000000e+00 
+2.683593750000000e+00 +0.000000000000000e+00 +0.000000000000000e+00 +0.000000000000000e+00 -3.726346433770015e-01 +1.388565774447051e-01 +0.000000000000000e+00 
+2.707031250000000e+00 +0.000000000000000e+00 +0.000000000000000e+00 +0.000000000000000e+00 -3.694083694083694e-01 +1.364625433889503e-01 +0.000000000000000e+00 
+2.730468750000000e+00 +0.000000000000000e+00 +0.000000000000000e+00 +0.000000000000000e+00 -3.662374821173104e-01 +1.341298933076273e-01 +0.000000000000000e+00 
+2.753906250000000e+00 +0.000000000000000e+00 +0.000000000000000e+00 +0.000000000000000e+00 -3.631205673758865e-01 +1.318565464513858e-01 +0.000000000000000e+00 
+2.777343750000000e+00 +0.000000000000000e+00 +0.000000000000000e+00 +0.000000000000000e+00 -3.600562587904360e-01 +1.296405094941654e-01 +0.000000000000000e+00 
+2.800781250000000e+00 +0.000000000000000e+00 +0.000000000000000e+00 +0.000000000000000e+00 -3.570432357043236e-01 +1.274798721622132e-01 +0.000000000000000e+00 
+2.824218750000000e+00 +0.000000000000000e+00 +0.000000000000000e+00 +0.000000000000000e+00 -3.540802213001383e-01 +1.253728031159549e-01 +0.000000000000000e+00 
+2.847656250000000e+00 +0.000000000000000e+00 +0.000000000000000e+00 +0.000000000000000e+00 -3.511659807956104e-01 +1.233175460681430e-01 +0.000000000000000e+00 
+2.871093750000000e+00 +0.000000000000000e+00 +0.000000000000000e+00 +0.000000000000000e+00 -3.482993197278911e-01 +1.213124161229118e-01 +0.000000000000000e+00 
+2.894531250000000e+00 +0.000000000000000e+00 +0.000000000000000e+00 +0.000000000000000e+00 -3.454790823211876e-01 +1.193557963214899e-01 +0.000000000000000e+00 
+2.917968750000000e+00 +0.000000000000000e+00 +0.000000000000000e+00 +0.000000000000000e+00 -3.427041499330656e-01 +1.174461343813451e-01 +0.000000000000000e+00 
+2.941406250000000e+00 +0.000000000000000e+00 +0.000000000000000e+00 +0.000000000000000e+00 -3.399734395750332e-01 +1.155819396164788e-01 +0.000000000000000e+00 
+2.964843750000000e+00 +0.000000000000000e+00 +0.000000000000000e+00 +0.000000000000000e+00 -3.372859025032938e-01 +1.137617800274614e-01 +0.000000000000000e+00 
+2.988281250000000e+00 +0.000000000000000e+00 +0.000000000000000e+00 +0.000000000000000e+00 -3.346405228758170e-01 +1.119842795506002e-01 +0.000000000000000e+00 
