+1.1718750000000000e-02 +4.3429767821611631e-01 -1.6286999940478532e-02 -6.4524321342561142e-01 -1.5464332642557641e+00 +2.1320411313496771e-02 +7.6584224515024968e-01 
+3.5156250000000000e-02 +4.3353473961683486e-01 -4.8795140886585632e-02 -6.4335438968658210e-01 -1.5454343968367741e+00 +6.3893806514464802e-02 +7.6435864615623506e-01 
+5.8593750000000000e-02 +4.3201194955584310e-01 -8.1105705028142835e-02 -6.3958744586917082e-01 -1.5434398201224555e+00 +1.0626524416488017e-01 +7.6139926504318600e-01 
+8.2031250000000000e-02 +4.2973548230828329e-01 -1.1308697449545024e-01 -6.3396378929467156e-01 -1.5404558351385280e+00 +1.4830116832278747e-01 +7.5697968278503147e-01 
+1.0546875000000000e-01 +4.2671459928686845e-01 -1.4460723141880791e-01 -6.2651553094502588e-01 -1.5364918553695639e+00 +1.8986964668385084e-01 +7.5112313890258642e-01 
+1.2890625000000000e-01 +4.2296164904188327e-01 -1.7553475792851589e-01 -6.1728548546282258e-01 -1.5315603610941815e+00 +2.3084102003640167e-01 +7.4386037313545694e-01 
+1.5234375000000000e-01 +4.1849206726118299e-01 -2.0573783615487432e-01 -6.0632717115129686e-01 -1.5256768384986328e+00 +2.7108855171648660e-01 +7.3522941433791444e-01 
+1.7578125000000000e-01 +4.1332437677019424e-01 -2.3508474822818320e-01 -5.9370480997433173e-01 -1.5188597035687907e+00 +3.1048907706291512e-01 +7.2527531659873901e-01 
+1.9921875000000000e-01 +4.0748018753191462e-01 -2.6344377627874266e-01 -5.7949332755645722e-01 -1.5111302107605336e+00 +3.4892365287230764e-01 +7.1404984258502935e-01 
+2.2265625000000000e-01 +4.0098419664691293e-01 -2.9068320243685275e-01 -5.6377835318285030e-01 -1.5025123464485250e+00 +3.8627820685414294e-01 +7.0161109410998357e-01 
+2.4609375000000000e-01 +3.9386418835332893e-01 -3.1667130883281358e-01 -5.4665621979933532e-01 -1.4930327071533935e+00 +4.2244418708580639e-01 +6.8802308992464634e-01 
+2.6953125000000000e-01 +3.8615103402687356e-01 -3.4127637759692525e-01 -5.2823396401238365e-01 -1.4827203625473082e+00 +4.5731921146763738e-01 +6.7335529073362632e-01 
+2.9296875000000000e-01 +3.7787869218082892e-01 -3.6436669085948764e-01 -5.0862932608911360e-01 -1.4716067032379516e+00 +4.9080771717797739e-01 +6.5768207143478152e-01 
+3.1640625000000000e-01 +3.6908420846604800e-01 -3.8581053075080107e-01 -4.8797074995729101e-01 -1.4597252733308903e+00 +5.2282161012821771e-01 +6.4108214058287205e-01 
+3.3984375000000000e-01 +3.5980771567095504e-01 -4.0547617940116543e-01 -4.6639738320532859e-01 -1.4471115877703429e+00 +5.5328091441784721e-01 +6.2363790707718381e-01 
+3.6328125000000000e-01 +3.5009243372154536e-01 -4.2323191894088091e-01 -4.4405907708228615e-01 -1.4338029344583447e+00 +5.8211442178950035e-01 +6.0543479407311773e-01 
+3.8671875000000000e-01 +3.3998466968138524e-01 -4.3894603150024758e-01 -4.2111638649787092e-01 -1.4198381611523110e+00 +6.0926034108400484e-01 +5.8656050011775096e-01 
+4.1015625000000000e-01 +3.2953381658193737e-01 -4.5248753371659856e-01 -3.9774041906555702e-01 -1.4052574471410157e+00 +6.3466694767680021e-01 +5.6710420751315704e-01 
+4.3359375000000000e-01 +3.1879179842726901e-01 -4.6379776666505379e-01 -3.7409659284804114e-01 -1.3901020599034761e+00 +6.5829319196438341e-01 +5.4715574680086765e-01 
+4.5703125000000000e-01 +3.0781015241751053e-01 -4.7295041266981336e-01 -3.5032251653945301e-01 -1.3744141018741938e+00 +6.8010881897681563e-01 +5.2680482463064437e-01 
+4.8046875000000000e-01 +2.9663841795079776e-01 -4.8003328364401043e-01 -3.2654604617766236e-01 -1.3582362634716765e+00 +7.0009379394909332e-01 +5.0614041156918510e-01 
+5.0390625000000000e-01 +2.8532407633355245e-01 -4.8513419150077841e-01 -3.0288790202677368e-01 -1.3416115913871256e+00 +7.1823764654613398e-01 +4.8525019778142009e-01 
+5.2734375000000000e-01 +2.7391255078048227e-01 -4.8834094815325046e-01 -2.7946166857712701e-01 -1.3245832714387697e+00 +7.3453888096962294e-01 +4.6422008439484108e-01 
+5.5078125000000000e-01 +2.6244720641458102e-01 -4.8974136551456005e-01 -2.5637379454529757e-01 -1.3071944246811014e+00 +7.4900443177171960e-01 +4.4313371004785407e-01 
+5.7421875000000000e-01 +2.5096935026712824e-01 -4.8942325549784005e-01 -2.3372359287409575e-01 -1.2894879158812558e+00 +7.6164915077049011e-01 +4.2207201262215055e-01 
+5.9765625000000000e-01 +2.3951823127768931e-01 -4.8747443001622437e-01 -2.1160324073256734e-01 -1.2715061737532836e+00 +7.7249531550993766e-01 +4.0111282615910177e-01 
+6.2109375000000000e-01 +2.2813104029411579e-01 -4.8398270098284574e-01 -1.9009777951599327e-01 -1.2532910225249885e+00 +7.8157215288880633e-01 +3.8033051296017228e-01 
+6.4453125000000000e-01 +2.1684291007254522e-01 -4.7903588031083771e-01 -1.6928511484588921e-01 -1.2348835245357426e+00 +7.8891537362908837e-01 +3.5979563087135624e-01 
+6.6796875000000000e-01 +2.0568691527740077e-01 -4.7272177991333336e-01 -1.4923601657000715e-01 -1.2163238336483366e+00 +7.9456671459708250e-01 +3.3957463575163338e-01 
+6.9140625000000000e-01 +1.9469407248139178e-01 -4.6512821170346630e-01 -1.3001411876233351e-01 -1.1976510593167669e+00 +7.9857348688501473e-01 +3.1972961912544579e-01 
+7.1484375000000000e-01 +1.8389334016551348e-01 -4.5634298759436986e-01 -1.1167591972309011e-01 -1.1789031411933131e+00 +8.0098812816795772e-01 +3.0031808101919705e-01 
+7.3828125000000000e-01 +1.7331161871904710e-01 -4.4645391949917668e-01 -9.4270781978734092e-02 -1.1601167341879055e+00 +8.0186775826813006e-01 +2.8139273798177089e-01 
+7.6171875000000000e-01 +1.6297375043955953e-01 -4.3554881933102074e-01 -7.7840932281957889e-02 -1.1413271039141784e+00 +8.0127373714963523e-01 +2.6300136628907234e-01 
+7.8515625000000000e-01 +1.5290251953290415e-01 -4.2371549900303468e-01 -6.2421461611689072e-02 -1.1225680324722771e+00 +7.9927122477219603e-01 +2.4518668033258795e-01 
+8.0859375000000000e-01 +1.4311865211321967e-01 -4.1104177042835260e-01 -4.8040325173090689e-02 -1.1038717345300779e+00 +7.9592874237926514e-01 +2.2798624619196892e-01 
+8.3203125000000000e-01 +1.3364081620293100e-01 -3.9761544552010730e-01 -3.4718342397560539e-02 -1.0852687836730972e+00 +7.9131773490197133e-01 +2.1143243039163331e-01 
+8.5546875000000000e-01 +1.2448562173274932e-01 -3.8352433619143184e-01 -2.2469196942731980e-02 -1.0667880489999013e+00 +7.8551213423778810e-01 +1.9555238384139187e-01 
+8.7890625000000000e-01 +1.1566762054167104e-01 -3.6885625435545955e-01 -1.1299436692473934e-02 -1.0484566419447670e+00 +7.7858792321987513e-01 +1.8036806096109143e-01 
+9.0234375000000000e-01 +1.0719930637697898e-01 -3.5369901192532444e-01 -1.2084737568896719e-03 -1.0302998733131272e+00 +7.7062270013550460e-01 +1.6589627398928258e-01 
+9.2578125000000000e-01 +9.9091114894241897e-02 -3.3814042081415913e-01 +7.8114155276815030e-03 -1.0123412205182871e+00 +7.6169524368379804e-01 +1.5214878247590585e-01 
+9.4921875000000000e-01 +9.1351423657314537e-02 -3.2226829293509701e-01 +1.5775090598664870e-02 -9.9460230501014746e-01 +7.5188507828711360e-01 +1.3913241795900091e-01 
+9.7265625000000000e-01 +8.3986552138337153e-02 -3.0617044020127138e-01 +2.2704546667251420e-02 -9.7710287988846967e-01 +7.4127203968873723e-01 +1.2684924382543386e-01 
+9.9609375000000000e-01 +7.7000761717736468e-02 -2.8993467452581534e-01 +2.8628914718395574e-02 -9.5986082769462255e-01 +7.2993584078365059e-01 +1.1529675035564989e-01 
+1.0195312500000000e+00 +7.0396255684224612e-02 -2.7364880782186246e-01 +3.3584461510818675e-02 -9.4289216837686418e-01 +7.1795563764000270e-01 +1.0446808495244254e-01 
+1.0429687500000000e+00 +6.4173179234800287e-02 -2.5740065200254642e-01 +3.7614589577004032e-02 -9.2621107742509490e-01 +7.0540959567741124e-01 +9.4352317553746068e-02 
+1.0664062500000000e+00 +5.8329619474747747e-02 -2.4127801898099963e-01 +4.0769837223202016e-02 -9.0982991417174175e-01 +6.9237445597481018e-01 +8.4934741229449010e-02 
+1.0898437500000000e+00 +5.2861605417637111e-02 -2.2536872067035596e-01 +4.3107878529427074e-02 -8.9375926025600549e-01 +6.7892510168582187e-01 +7.6197207962228161e-02 
+1.1132812500000000e+00 +4.7763107985324411e-02 -2.0976056898374862e-01 +4.4693523349456470e-02 -8.7800796824916294e-01 +6.6513412454372345e-01 +6.8118499612404043e-02 
+1.1367187500000000e+00 +4.3026040007952092e-02 -1.9454137583431039e-01 +4.5598717310835812e-02 -8.6258322043900881e-01 +6.5107139144139548e-01 +6.0674734066815249e-02 
+1.1601562500000000e+00 +3.8640256223948038e-02 -1.7979895313517455e-01 +4.5902541814873486e-02 -8.4749059777181557e-01 +6.3680361107425276e-01 +5.3839806571718059e-02 
+1.1835937500000000e+00 +3.4593553280026487e-02 -1.6562111279947550e-01 +4.5691214036641878e-02 -8.3273415895046554e-01 +6.2239390063628086e-01 +4.7585866249701417e-02 
+1.2070312500000000e+00 +3.0871669731187202e-02 -1.5209566674034600e-01 +4.5058086924978924e-02 -8.1831652968759760e-01 +6.0790135256101929e-01 +4.1883827800628805e-02 
+1.2304687500000000e+00 +2.7458333412549399e-02 -1.3930051102597057e-01 +4.4097535448860248e-02 -8.0423900210559418e-01 +5.9338060356410105e-01 +3.6703917003558725e-02 
+1.2539062500000000e+00 +2.4336188695946920e-02 -1.2724376242732702e-01 +4.2865823560822663e-02 -7.9050164345890672e-01 +5.7888151321844650e-01 +3.2016182825789670e-02 
+1.2773437500000000e+00 +2.1488183850876474e-02 -1.1590358315885653e-01 +4.1400188811679069e-02 -7.7710340804518996e-01 +5.6444923572150429e-01 +2.7790784733734100e-02 
+1.3007812500000000e+00 +1.8897781545126387e-02 -1.0525802024227579e-01 +3.9736016125304613e-02 -7.6404224431668810e-01 +5.5012449544936182e-01 +2.3998141329398849e-02 
+1.3242187500000000e+00 +1.6548958969413503e-02 -9.5285120699301479e-02 +3.7906906482133157e-02 -7.5131519552273685e-01 +5.3594385498621344e-01 +2.0609061524961211e-02 
+1.3476562500000000e+00 +1.4426207837383156e-02 -8.5962931551650162e-02 +3.5944676919160187e-02 -7.3891849430176482e-01 +5.2193996387446806e-01 +1.7594866920510689e-02 
+1.3710937500000000e+00 +1.2514534385609262e-02 -7.7269499821038728e-02 +3.3879360529935579e-02 -7.2684765164323406e-01 +5.0814179069784016e-01 +1.4927505385825764e-02 
+1.3945312500000000e+00 +1.0799459373594182e-02 -6.9182872529183759e-02 +3.1739206464571977e-02 -7.1509754058340769e-01 +4.9457484071923891e-01 +1.2579655846089978e-02 
+1.4179687500000000e+00 +9.2670180837688288e-03 -6.1681096697801932e-02 +2.9550679929737301e-02 -7.0366247495073020e-01 +4.8126136096745187e-01 +1.0524824271651601e-02 
+1.4414062500000000e+00 +7.9037603214926113e-03 -5.4742219348609913e-02 +2.7338462188661355e-02 -6.9253628343551632e-01 +4.6822053439184469e-01 +8.7374308717522962e-03 
+1.4648437500000000e+00 +6.6967504150534712e-03 -4.8344287503324410e-02 +2.5125450561131264e-02 -6.8171237922349848e-01 +4.5546866447294276e-01 +7.1928884922611335e-03 
+1.4882812500000000e+00 +5.6335672156678542e-03 -4.2465348183662072e-02 +2.2932758423493977e-02 -6.7118382540258181e-01 +4.4301935148170035e-01 +5.8676722173925779e-03 
+1.5117187500000000e+00 +4.7023040974807223e-03 -3.7083448411339585e-02 +2.0779715208652634e-02 -6.6094339632621990e-01 +4.3088366141511308e-01 +4.7393801754298222e-03 
+1.5351562500000000e+00 +3.8915689575655514e-03 -3.2176635208073595e-02 +1.8683866406073151e-02 -6.5098363509438228e-01 +4.1907028849571915e-01 +3.7867855484383156e-03 
+1.5585937500000000e+00 +3.1904842159243495e-03 -2.7722955595580870e-02 +1.6660973561777641e-02 -6.4129690729376509e-01 +4.0758571200334304e-01 +2.9898797859738485e-03 
+1.5820312500000000e+00 +2.5886868154876221e-03 -2.3700456595578040e-02 +1.4725014278345990e-02 -6.3187545112206966e-01 +3.9643434810578365e-01 +2.3299070227899648e-03 
+1.6054687500000000e+00 +2.0763282221143925e-03 -2.0087185229781774e-02 +1.2888182214919733e-02 -6.2271142400661983e-01 +3.8561869726816200e-01 +1.7893897005318311e-03 
+1.6289062500000000e+00 +1.6440744245922018e-03 -1.6861188519908771e-02 +1.1160887087197955e-02 -6.1379694581489297e-01 +3.7513948774611439e-01 +1.3521453934310960e-03 
+1.6523437500000000e+00 +1.2831059346371074e-03 -1.4000513487675696e-02 +9.5517546674384335e-03 -6.0512413874343340e-01 +3.6499581560409294e-01 +1.0032948379888641e-03 
+1.6757812500000000e+00 +9.8511778689368084e-04 -1.1483207154799235e-02 +8.0676267844567214e-03 -5.9668516396202520e-01 +3.5518528164476698e-01 +7.2926116667275788e-04 
+1.6992187500000000e+00 +7.4231953893500900e-04 -9.2873165429960616e-03 +6.7135613236300211e-03 -5.8847225508139489e-01 +3.4570412558793762e-01 +5.1776034557736190e-04 
+1.7226562500000000e+00 +5.4743527126269436e-04 -7.3908886739828582e-03 +5.4928322268919466e-03 -5.8047774850541711e-01 +3.3654735779638506e-01 +3.5778281610498932e-04 
+1.7460937500000000e+00 +3.9370358730685340e-04 -5.7719705694762903e-03 +4.4069294927336694e-03 -5.7269411072213650e-01 +3.2770888881018689e-01 +2.3956634063289830e-04 
+1.7695312500000000e+00 +2.7487761342612216e-04 -4.4086092511930663e-03 +3.4555591762111828e-03 -5.6511396258224889e-01 +3.1918165692015893e-01 +1.5456005216924333e-04 
+1.7929687500000000e+00 +1.8522499890764738e-04 -3.2788517408498491e-03 +2.6366433889321271e-03 -5.5773010060852402e-01 +3.1095775398419473e-01 +9.5379708017296182e-05 
+1.8164062500000000e+00 +1.1952791596709281e-04 -2.3607450601633192e-03 +1.9463202990666934e-03 -5.5053551537523704e-01 +3.0302854966660470e-01 +5.5754147426116333e-05 
+1.8398437500000000e+00 +7.3083059748637507e-05 -1.6323362308501537e-03 +1.3789441313437633e-03 -5.4352340699263446e-01 +2.9538481426020502e-01 +3.0462953226216409e-05 
+1.8632812500000000e+00 +4.1701648324975939e-05 -1.0716722746270336e-03 +9.2708516704886304e-04 -5.3668719772796769e-01 +2.8801684023279922e-01 +1.5265317480354398e-05 
+1.8867187500000000e+00 +2.1709422697317830e-05 -6.5680021321063754e-04 +5.8152974402938824e-04 -5.3002054179148317e-01 +2.8091456262408454e-01 +6.8201111137100941e-06 
+1.9101562500000000e+00 +9.9466467953882589e-06 -3.6576706831764443e-04 +3.3128025669142445e-04 -5.2351733231297370e-01 +2.7406767840510066e-01 +2.5971575475512424e-06 
+1.9335937500000000e+00 +3.7681074774275847e-06 -1.7661986166473255e-04 +1.6355515599838339e-04 -5.1717170553202507e-01 +2.6746576490014345e-01 +7.7971032890832945e-07 
+1.9570312500000000e+00 +1.0431145301916488e-06 -6.7405614968584434e-05 +6.3788949468731142e-05 -5.1097804222282561e-01 +2.6109839736056806e-01 +1.5813473028239441e-07 
+1.9804687500000000e+00 +1.5550066895143815e-07 -1.6171349945877013e-05 +1.5632201185984551e-05 -5.0493096637253176e-01 +2.5495526577011907e-01 +1.4793394403590787e-08 
+2.0039062500000000e+00 +3.6215374933526396e-09 -9.6408831328956083e-07 +9.5153179144112050e-07 -4.9902534113025793e-01 +2.4902629095340603e-01 +1.3591494265568515e-10 
+2.0273437500000000e+00 +0.0000000000000000e+00 +0.0000000000000000e+00 +0.0000000000000000e+00 -4.9325626204238920e-01 +2.4330174004403013e-01 +0.0000000000000000e+00 
+2.0507812500000000e+00 +0.0000000000000000e+00 +0.0000000000000000e+00 +0.0000000000000000e+00 -4.8761904761904762e-01 +2.3777233560090702e-01 +0.0000000000000000e+00 
+2.0742187500000000e+00 +0.0000000000000000e+00 +0.0000000000000000e+00 +0.0000000000000000e+00 -4.8210922787193972e-01 +2.3242930759927791e-01 +0.0000000000000000e+00 
+2.0976562500000000e+00 +0.0000000000000000e+00 +0.0000000000000000e+00 +0.0000000000000000e+00 -4.7672253258845437e-01 +2.2726437307754996e-01 +0.0000000000000000e+00 
+2.1210937500000000e+00 +0.0000000000000000e+00 +0.0000000000000000e+00 +0.0000000000000000e+00 -4.7145488029465932e-01 +2.2226970415365152e-01 +0.0000000000000000e+00 
+2.1445312500000000e+00 +0.0000000000000000e+00 +0.0000000000000000e+00 +0.0000000000000000e+00 -4.6630236794171220e-01 +2.1743789834804794e-01 +0.0000000000000000e+00 
+2.1679687500000000e+00 +0.0000000000000000e+00 +0.0000000000000000e+00 +0.0000000000000000e+00 -4.6126126126126127e-01 +2.1276195114032953e-01 +0.0000000000000000e+00 
+2.1914062500000000e+00 +0.0000000000000000e+00 +0.0000000000000000e+00 +0.0000000000000000e+00 -4.5632798573975042e-01 +2.0823523056929788e-01 +0.0000000000000000e+00 
+2.2148437500000000e+00 +0.0000000000000000e+00 +0.0000000000000000e+00 +0.0000000000000000e+00 -4.5149911816578481e-01 +2.0385145370448132e-01 +0.0000000000000000e+00 
+2.2382812500000000e+00 +0.0000000000000000e+00 +0.0000000000000000e+00 +0.0000000000000000e+00 -4.4677137870855149e-01 +1.9960466483313993e-01 +0.0000000000000000e+00 
+2.2617187500000000e+00 +0.0000000000000000e+00 +0.0000000000000000e+00 +0.0000000000000000e+00 -4.4214162348877373e-01 +1.9548921522128856e-01 +0.0000000000000000e+00 
+2.2851562500000000e+00 +0.0000000000000000e+00 +0.0000000000000000e+00 +0.0000000000000000e+00 -4.3760683760683761e-01 +1.9149974432025715e-01 +0.0000000000000000e+00 
+2.3085937500000000e+00 +0.0000000000000000e+00 +0.0000000000000000e+00 +0.0000000000000000e+00 -4.3316412859560066e-01 +1.8763116230198609e-01 +0.0000000000000000e+00 
+2.3320312500000000e+00 +0.0000000000000000e+00 +0.0000000000000000e+00 +0.0000000000000000e+00 -4.2881072026800671e-01 +1.8387863381676670e-01 +0.0000000000000000e+00 
+2.3554687500000000e+00 +0.0000000000000000e+00 +0.0000000000000000e+00 +0.0000000000000000e+00 -4.2454394693200664e-01 +1.8023756287660647e-01 +0.0000000000000000e+00 
+2.3789062500000000e+00 +0.0000000000000000e+00 +0.0000000000000000e+00 +0.0000000000000000e+00 -4.2036124794745483e-01 +1.7670357877594162e-01 +0.0000000000000000e+00 
+2.4023437500000000e+00 +0.0000000000000000e+00 +0.0000000000000000e+00 +0.0000000000000000e+00 -4.1626016260162602e-01 +1.7327252296913212e-01 +0.0000000000000000e+00 
+2.4257812500000000e+00 +0.0000000000000000e+00 +0.0000000000000000e+00 +0.0000000000000000e+00 -4.1223832528180354e-01 +1.6994043683114607e-01 +0.0000000000000000e+00 
+2.4492187500000000e+00 +0.0000000000000000e+00 +0.0000000000000000e+00 +0.0000000000000000e+00 -4.0829346092503987e-01 +1.6670355023414707e-01 +0.0000000000000000e+00 
+2.4726562500000000e+00 +0.0000000000000000e+00 +0.0000000000000000e+00 +0.0000000000000000e+00 -4.0442338072669826e-01 +1.6355827087841193e-01 +0.0000000000000000e+00 
+2.4960937500000000e+00 +0.0000000000000000e+00 +0.0000000000000000e+00 +0.0000000000000000e+00 -4.0062597809076683e-01 +1.6050117432118358e-01 +0.0000000000000000e+00 
+2.5195312500000000e+00 +0.0000000000000000e+00 +0.0000000000000000e+00 +0.0000000000000000e+00 -3.9689922480620154e-01 +1.5752899465176370e-01 +0.0000000000000000e+00 
+2.5429687500000000e+00 +0.0000000000000000e+00 +0.0000000000000000e+00 +0.0000000000000000e+00 -3.9324116743471582e-01 +1.5463861576541821e-01 +0.0000000000000000e+00 
+2.5664062500000000e+00 +0.0000000000000000e+00 +0.0000000000000000e+00 +0.0000000000000000e+00 -3.8964992389649922e-01 +1.5182706319254766e-01 +0.0000000000000000e+00 
+2.5898437500000000e+00 +0.0000000000000000e+00 +0.0000000000000000e+00 +0.0000000000000000e+00 -3.8612368024132732e-01 +1.4909149644310676e-01 +0.0000000000000000e+00 
+2.6132812500000000e+00 +0.0000000000000000e+00 +0.0000000000000000e+00 +0.0000000000000000e+00 -3.8266068759342303e-01 +1.4642920182947128e-01 +0.0000000000000000e+00 
+2.6367187500000000e+00 +0.0000000000000000e+00 +0.0000000000000000e+00 +0.0000000000000000e+00 -3.7925925925925924e-01 +1.4383758573388203e-01 +0.0000000000000000e+00 
+2.6601562500000000e+00 +0.0000000000000000e+00 +0.0000000000000000e+00 +0.0000000000000000e+00 -3.7591776798825255e-01 +1.4131416828926968e-01 +0.0000000000000000e+00 
+2.6835937500000000e+00 +0.0000000000000000e+00 +0.0000000000000000e+00 +0.0000000000000000e+00 -3.7263464337700147e-01 +1.3885657744470506e-01 +0.0000000000000000e+00 
+2.7070312500000000e+00 +0.0000000000000000e+00 +0.0000000000000000e+00 +0.0000000000000000e+00 -3.6940836940836941e-01 +1.3646254338895031e-01 +0.0000000000000000e+00 
+2.7304687500000000e+00 +0.0000000000000000e+00 +0.0000000000000000e+00 +0.0000000000000000e+00 -3.6623748211731044e-01 +1.3412989330762728e-01 +0.0000000000000000e+00 
+2.7539062500000000e+00 +0.0000000000000000e+00 +0.0000000000000000e+00 +0.0000000000000000e+00 -3.6312056737588655e-01 +1.3185654645138575e-01 +0.0000000000000000e+00 
+2.7773437500000000e+00 +0.0000000000000000e+00 +0.0000000000000000e+00 +0.0000000000000000e+00 -3.6005625879043601e-01 +1.2964050949416542e-01 +0.0000000000000000e+00 
+2.8007812500000000e+00 +0.0000000000000000e+00 +0.0000000000000000e+00 +0.0000000000000000e+00 -3.5704323570432356e-01 +1.2747987216221315e-01 +0.0000000000000000e+00 
+2.8242187500000000e+00 +0.0000000000000000e+00 +0.0000000000000000e+00 +0.0000000000000000e+00 -3.5408022130013833e-01 +1.2537280311595492e-01 +0.0000000000000000e+00 
+2.8476562500000000e+00 +0.0000000000000000e+00 +0.0000000000000000e+00 +0.0000000000000000e+00 -3.5116598079561040e-01 +1.2331754606814303e-01 +0.0000000000000000e+00 
+2.8710937500000000e+00 +0.0000000000000000e+00 +0.0000000000000000e+00 +0.0000000000000000e+00 -3.4829931972789113e-01 +1.2131241612291176e-01 +0.0000000000000000e+00 
+2.8945312500000000e+00 +0.0000000000000000e+00 +0.0000000000000000e+00 +0.0000000000000000e+00 -3.4547908232118757e-01 +1.1935579632148990e-01 +0.0000000000000000e+00 
+2.9179687500000000e+00 +0.0000000000000000e+00 +0.0000000000000000e+00 +0.0000000000000000e+00 -3.4270414993306558e-01 +1.1744613438134510e-01 +0.0000000000000000e+00 
+2.9414062500000000e+00 +0.0000000000000000e+00 +0.0000000000000000e+00 +0.0000000000000000e+00 -3.3997343957503318e-01 +1.1558193961647875e-01 +0.0000000000000000e+00 
+2.9648437500000000e+00 +0.0000000000000000e+00 +0.0000000000000000e+00 +0.0000000000000000e+00 -3.3728590250329382e-01 +1.1376178002746141e-01 +0.0000000000000000e+00 
+2.9882812500000000e+00 +0.0000000000000000e+00 +0.0000000000000000e+00 +0.0000000000000000e+00 -3.3464052287581697e-01 +1.1198427955060020e-01 +0.0000000000000000e+00 
